14	24	34	44	54	65	74	84	150
0.001449275	0.00611477	0.002961083	0.002460457	0.001243163	0.001603849	0.001360313	0.000323939	0
0.001449275	0.00611477	0.002961083	0.002460457	0.002734958	0.003007217	0.003230743	0.002591513	0.002747672
0.001449275	0.007055503	0.003384095	0.005623902	0.005221283	0.008019246	0.009692229	0.008584386	0.007632423
0.001449275	0.007055503	0.003807107	0.005623902	0.006215813	0.008420209	0.010032307	0.009880143	0.007632423
0.004347826	0.024929445	0.019881557	0.025659051	0.015663849	0.011828388	0.01343309	0.014577259	0.014501603
0.004347826	0.024929445	0.019881557	0.028471002	0.016658379	0.0138332	0.014283285	0.015711046	0.014501603
0.004347826	0.031514581	0.039340102	0.050966608	0.036797613	0.039093825	0.039449073	0.037576936	0.03648298
0.007246377	0.033396049	0.040186125	0.054481547	0.039035306	0.03989575	0.040469308	0.03968254	0.03648298
0.007246377	0.033396049	0.041455161	0.060808436	0.046494281	0.055132318	0.059683727	0.06462585	0.056632575
0.007246377	0.033396049	0.042724196	0.061511424	0.047488812	0.057137129	0.062404353	0.06462585	0.056632575
0.007246377	0.034336783	0.046108291	0.067135325	0.063401293	0.082798717	0.099472879	0.101716877	0.08075103
0.010144928	0.03621825	0.05499154	0.072407733	0.067379413	0.084402566	0.10117327	0.101716877	0.08273546
0.010144928	0.038570085	0.057529611	0.076625659	0.069865738	0.086206897	0.102193505	0.103174603	0.08273546
0.023188406	0.106773283	0.107445008	0.117398946	0.112133267	0.121291099	0.12599898	0.123582766	0.092199664
0.027536232	0.11335842	0.112944162	0.121968366	0.114868225	0.123095429	0.126339058	0.124230645	0.092199664
0.039130435	0.158984008	0.128595601	0.133919156	0.123073098	0.13372093	0.131100153	0.126984127	0.092199664
0.047826087	0.166980245	0.13536379	0.14059754	0.130283441	0.138131516	0.133990818	0.132005183	0.093420852
0.053623188	0.179680151	0.142978003	0.147627417	0.135007459	0.140737771	0.13552117	0.132977	0.093420852
0.053623188	0.187206021	0.15143824	0.156766257	0.143212332	0.144747394	0.136711444	0.137026239	0.093420852
0.120289855	0.291157103	0.229695431	0.207029877	0.181750373	0.17542101	0.157796293	0.156300615	0.107464509
0.168115942	0.305268109	0.234771574	0.212653779	0.185231228	0.178227747	0.159326645	0.157272433	0.107464509
0.192753623	0.310912512	0.23857868	0.216168717	0.186225758	0.178227747	0.159326645	0.157272433	0.107464509
0.195652174	0.318438382	0.246192893	0.220035149	0.189457981	0.181034483	0.161197075	0.160349854	0.116776065
0.201449275	0.320319849	0.246615905	0.2228471	0.191944306	0.182437851	0.162387349	0.160997732	0.116776065
0.211594203	0.3579492	0.294839255	0.271001757	0.227498757	0.203889334	0.173099813	0.170068027	0.120897573
0.211594203	0.359360301	0.297377327	0.274165202	0.233217305	0.206094627	0.176670634	0.171849692	0.122576706
0.211594203	0.359360301	0.297377327	0.274165202	0.235206365	0.210705694	0.193334467	0.190962099	0.137688902
0.211594203	0.359360301	0.29822335	0.27486819	0.236946793	0.213311949	0.198775718	0.198898607	0.142573653
0.234782609	0.37911571	0.337563452	0.308611599	0.259572352	0.229350441	0.210508417	0.20521542	0.147153106
0.234782609	0.37911571	0.337563452	0.309666081	0.261064147	0.232758621	0.214419316	0.21574344	0.172645398
0.234782609	0.37911571	0.337986464	0.311775044	0.273247141	0.245789896	0.227682367	0.235989634	0.189284079
0.305797101	0.496707432	0.468274112	0.423901582	0.368224764	0.337209302	0.305050162	0.29154519	0.234620669
0.371014493	0.569143932	0.524111675	0.49771529	0.505469915	0.462510024	0.412344839	0.386297376	0.333842162
0.388405797	0.576669802	0.530033841	0.499824253	0.507458976	0.463712911	0.413875191	0.386297376	0.333842162
0.392753623	0.576669802	0.531725888	0.500878735	0.508702138	0.467121091	0.415065465	0.387917072	0.337200427
0.4	0.577610536	0.5321489	0.501230228	0.509696668	0.468123496	0.416425778	0.389374798	0.34284842
0.402898551	0.580903104	0.533417936	0.501933216	0.511188463	0.468925421	0.417446013	0.390508584	0.344374905
0.41884058	0.588428975	0.541032149	0.506502636	0.516161114	0.472734563	0.421526951	0.394395854	0.348191116
0.424637681	0.588428975	0.543147208	0.508611599	0.519144704	0.47393745	0.424077538	0.398931001	0.348954358
0.442028986	0.596895579	0.552030457	0.524077329	0.537294878	0.496190858	0.459275633	0.44962747	0.439780186
0.457971014	0.596895579	0.552876481	0.524780316	0.537294878	0.49659182	0.459785751	0.44962747	0.439780186
0.460869565	0.601599247	0.559221658	0.533567663	0.550721034	0.511627907	0.476789662	0.46031746	0.453518547
0.460869565	0.601599247	0.560067682	0.533567663	0.551218299	0.514434643	0.481210678	0.46420473	0.464814532
0.460869565	0.601599247	0.560067682	0.53427065	0.552461462	0.518043304	0.488182282	0.470035633	0.474126088
0.460869565	0.601599247	0.560067682	0.53427065	0.552710094	0.519246191	0.488862438	0.471007451	0.474126088
0.460869565	0.601599247	0.562182741	0.535325132	0.554699155	0.521050521	0.491923142	0.475704568	0.478094947
0.460869565	0.601599247	0.562182741	0.53602812	0.554947787	0.523857257	0.493963612	0.480239715	0.488780339
0.460869565	0.601599247	0.562182741	0.537082601	0.557682745	0.528468324	0.49991498	0.486556527	0.500686918
0.460869565	0.601599247	0.562182741	0.537082601	0.557931377	0.528869286	0.502125489	0.489957888	0.503129293
0.460869565	0.601599247	0.563451777	0.538488576	0.55917454	0.530072173	0.505356232	0.494331066	0.504503129
0.460869565	0.603480715	0.568950931	0.550439367	0.590253605	0.571772253	0.561469138	0.563816003	0.575026713
0.460869565	0.60724365	0.572335025	0.553602812	0.595474888	0.579591018	0.57065125	0.576773567	0.591665395
0.460869565	0.60724365	0.573181049	0.554657293	0.598955743	0.581796311	0.575242306	0.579850988	0.596244848
0.460869565	0.60724365	0.575296108	0.559578207	0.604425659	0.589214114	0.5839143	0.586977648	0.599297817
0.460869565	0.614299153	0.58037225	0.567311072	0.610392839	0.592221331	0.586634926	0.589245222	0.602350786
0.469565217	0.618532455	0.582064298	0.570474517	0.615116857	0.596431435	0.59156606	0.595238095	0.61578385
0.469565217	0.618532455	0.582910321	0.571528998	0.616857285	0.599639134	0.595136881	0.599125364	0.61975271
0.47826087	0.621825024	0.58714044	0.576098418	0.62332173	0.612269447	0.606359463	0.609491416	0.628301023
0.592753623	0.671213547	0.641285956	0.621089631	0.659870711	0.641940658	0.632885564	0.632167153	0.642955274
0.714492754	0.777046096	0.733079526	0.712126538	0.722277474	0.683640738	0.66791362	0.658892128	0.66402076
0.734782609	0.798682973	0.77072758	0.755008787	0.755594232	0.714514836	0.694269682	0.682377713	0.680048848
0.739130435	0.799623706	0.772419628	0.755711775	0.756588762	0.715116279	0.695459956	0.684483317	0.680048848
0.74057971	0.799623706	0.774111675	0.756063269	0.756837394	0.716319166	0.696310151	0.686103013	0.680048848
0.743478261	0.802445908	0.783840948	0.763093146	0.765788165	0.724739374	0.707362693	0.697116942	0.686765379
0.746376812	0.802445908	0.785956007	0.768365554	0.77026355	0.729550922	0.714334297	0.704567541	0.694855747
0.746376812	0.802445908	0.787225042	0.769068541	0.771258081	0.731555734	0.716714844	0.70521542	0.698824607
0.762318841	0.806208843	0.793993232	0.773989455	0.773247141	0.736367281	0.719945587	0.706835115	0.698824607
0.768115942	0.809971778	0.799069374	0.775746924	0.774241671	0.73777065	0.721135861	0.709264658	0.700351091
0.805797101	0.814675447	0.803722504	0.777855888	0.775236201	0.738973536	0.7213059	0.709912536	0.701419631
0.811594203	0.825964252	0.815989848	0.789806678	0.785678767	0.744587009	0.72708723	0.713637836	0.70538849
0.81884058	0.830197554	0.817681895	0.792970123	0.787667827	0.74659182	0.727427308	0.714447684	0.70538849
0.81884058	0.830197554	0.817681895	0.792970123	0.787667827	0.74659182	0.727427308	0.714447684	0.70538849
0.81884058	0.830197554	0.820219966	0.797891037	0.794132273	0.756816359	0.736099303	0.72675737	0.719279499
0.81884058	0.830197554	0.823604061	0.814411248	0.823968175	0.807538091	0.801224282	0.796566246	0.79117692
0.81884058	0.831608655	0.827411168	0.823901582	0.841621084	0.831796311	0.829790852	0.820375769	0.817890398
0.823188406	0.834430856	0.832064298	0.827065026	0.846096469	0.836206897	0.833531712	0.824263039	0.820027477
0.823188406	0.834430856	0.832064298	0.827768014	0.847339632	0.840417001	0.837102534	0.832361516	0.829033735
0.824637681	0.87911571	0.892554992	0.901581722	0.903033317	0.891940658	0.881992858	0.875283447	0.863379637
0.824637681	0.87911571	0.893824027	0.904393673	0.91422178	0.917602245	0.918211189	0.921930677	0.910395359
0.826086957	0.882878645	0.897631134	0.912829525	0.921929388	0.925621492	0.92552287	0.926789764	0.916501298
0.827536232	0.886171214	0.898900169	0.914938489	0.923669816	0.928227747	0.926032988	0.927761581	0.916501298
0.830434783	0.88664158	0.900169205	0.918453427	0.926902039	0.932838813	0.933004591	0.941205053	0.935887651
0.830434783	0.88664158	0.90143824	0.920913884	0.929388364	0.936246993	0.937255569	0.947521866	0.947030988
0.833333333	0.893697084	0.915820643	0.92970123	0.93585281	0.940657578	0.941676586	0.949141561	0.95267898
0.849275362	0.896989652	0.91751269	0.930755712	0.936598707	0.942060946	0.942526781	0.949141561	0.95267898
0.849275362	0.897460019	0.920473773	0.938488576	0.943311785	0.947674419	0.951878932	0.961451247	0.963822317
0.865217391	0.921919097	0.936125212	0.953954306	0.960964694	0.967321572	0.971093351	0.980725624	0.980766295
0.942028986	0.967074318	0.97250423	0.978558875	0.982844356	0.985364876	0.986736949	0.988662132	0.98717753
0.984057971	0.987770461	0.991116751	0.990509666	0.993286922	0.993384122	0.993878592	0.994978944	0.994504656
1	1	1	1	1	1	1	1	1