0.012097641
0.023986563
0.036473139
0.048774576
0.061081729
0.073592996
0.086002324
0.098385296
0.110840512
0.123097649
0.135390273
0.147522449
0.159242746
0.170491461
0.181576791
0.19263084
0.203717519
0.215102946
0.226955745
0.239192796
0.251762336
0.264703344
0.278070364
0.292253917
0.306646426
0.321073868
0.33569923
0.350677326
0.365936386
0.381007527
0.396069221
0.411013655
0.426060345
0.440959923
0.455742638
0.470367366
0.484506777
0.498279722
0.51153345
0.524411502
0.537051938
0.549595357
0.562228886
0.574927197
0.587984989
0.601357883
0.615241181
0.629370113
0.642584067
0.655634079
0.66823466
0.680464645
0.692689232
0.704872932
0.71750789
0.730213664
0.742818452
0.755376877
0.767554702
0.779387178
0.791061428
0.802397473
0.813518211
0.824276451
0.83478715
0.845117473
0.855087522
0.864944756
0.874540794
0.883765284
0.89297334
0.902391622
0.910276631
0.917770324
0.924877304
0.931252142
0.937486459
0.943282698
0.948787811
0.953984411
0.958855589
0.963443977
0.9677229
0.971608759
0.975197935
0.978554179
0.981657245
0.984641464
0.987358215
0.989711833
0.99181545
0.993627384
0.995177886
0.996441548
0.997446714
0.998224902
0.998821444
0.999277147
0.999576609
0.9997342
1