0.012292728
0.025288495
0.038054374
0.050847083
0.063902121
0.076901669
0.089831783
0.102821899
0.115636764
0.128463702
0.141165432
0.153412305
0.165189767
0.176816288
0.188302152
0.199848628
0.21167845
0.223681003
0.23591507
0.248634443
0.261711311
0.275223442
0.289345762
0.303826471
0.318522393
0.333254699
0.348295026
0.363539793
0.378549916
0.393565567
0.408465522
0.423571584
0.438495768
0.453353933
0.468110101
0.482381777
0.496314048
0.509708247
0.522724299
0.535520626
0.548244714
0.561089783
0.573984326
0.587242787
0.600757682
0.614705807
0.628798207
0.642044757
0.655076948
0.667708512
0.680005427
0.69234206
0.704648122
0.717428351
0.730281591
0.743032103
0.755691311
0.767914931
0.779837643
0.791541159
0.802929295
0.814118683
0.824880247
0.835365173
0.845733143
0.855803255
0.865773647
0.875488946
0.884901102
0.894354195
0.90395762
0.912023051
0.919645861
0.926856824
0.933306697
0.939615182
0.945423442
0.950920794
0.956064879
0.96086212
0.965361218
0.969524651
0.973269773
0.976718988
0.979904858
0.982853888
0.985661449
0.98820973
0.990416289
0.992375764
0.994050024
0.995480086
0.996635136
0.997558022
0.998283826
0.998851777
0.999276755
0.999556279
0.999714822
0.999834217
1
