0.013000915
0.02579355
0.039227802
0.052405536
0.065574478
0.078995339
0.0922902
0.105542712
0.118843945
0.131997319
0.145136979
0.158170805
0.170744998
0.182872543
0.194855294
0.206653319
0.2185041
0.230703358
0.243342809
0.256559585
0.270015214
0.283707273
0.297970689
0.313135223
0.328397686
0.34353318
0.358626406
0.37385636
0.389224817
0.404247864
0.419237595
0.434083096
0.4490308
0.463797329
0.478548128
0.493216567
0.507494099
0.521410087
0.534770691
0.547724981
0.560440097
0.573086082
0.585833706
0.598599883
0.611717198
0.62495761
0.638606352
0.65229938
0.665200995
0.677808583
0.69005019
0.70196744
0.713944625
0.725880185
0.738273122
0.750758017
0.763170394
0.775443944
0.787249714
0.798775492
0.810040559
0.820999337
0.831822919
0.842127175
0.852134741
0.862068337
0.871744931
0.881324162
0.890659298
0.899713475
0.908828232
0.918151268
0.925932296
0.93320287
0.940037203
0.946083189
0.951989784
0.957338576
0.962341552
0.966952735
0.971176398
0.975092241
0.978641942
0.981746529
0.984571447
0.987084591
0.989354125
0.991420703
0.993254883
0.994754623
0.996033499
0.997052873
0.997887119
0.998505988
0.998976108
0.999309339
0.999557064
0.999731302
0.999847058
0.999906831
1