82661006
289080009
289086003
26741000
42170009
24414006
130962007
109562007
274688009
274127000
418286009
274855004
67809006
28154007
72014004
288210004
199733009
274833007
274862008
302644007
302078000
274845003
123667006
42131003
274681003
700153004
301783004
56313000
102882004
11082009
39804004
90009001
44991000119100
312984006
301822002
62917007
237288003
17588005
35882009
1639007
3885002
428508008
16038004
69302000
45581006
19707006
52895001
51623004
44690000
36821007
211056003
211067002
211066006
211040008
211051008
211050009
67624004
28432003
717817006
10745131000119107
55704005
81096007
398319002
443769009
43522000
314630009
237354006
237439001
46273003
7415003
53200002
6033008
18060001000004100
69430001
248802009
102885002
302945005
248820000
18166000
21565000
48672005
50956007
37975005
724458001
721551005
723171001
237052004
721553008
289921009
717950007
198302001
27529000
198299001
84327002
82363001
237111006
425434004
721209004
56560007
43651009
198349002
302927005
721552003
355736000
14390004
237448006
237048004
237085007
72940007
16698000
237040006
266580009
237073004
19272000
127335003
49249007
67667007
14053009
699887000
722830001
85051008
80604007
20943002
65295003
45377007
2390000
82789004
37649008
76151005
198104007
198100003
702717000
702716009
16486000
433159008
198156004
237037006
48153009
198133008
198135001
402935007
8912009
266581008
198180000
24520005
33028007
90206003
254890008
254887002
123845008
309245001
763063001
763064007
385478001
302829009
255196008
764847000
765740002
447390000
254888007
28911003
69985008
717955002
301789000
297123002
302923009
288671000119101
416413003
237337003
102523004
102526007
253834007
721600008
74437002
10754331000119108
427013000
10741871000119101
402257005
60967006
22775002
169688006
243828009
169686005
289589004
18079007
169817006
14302001
413487000
71473008
199677008
199678003
20391007
168097000
371380006
289298002
289282009
289291008
289283004
80914001
402841001
198627000
313017000
248847005
67881007
33552005
432990004
27585009
34571000
251663001
444769001
248950009
169616000
169651008
169646002
169650009
408783007
169615001
169614002
310248000
169613008
243826008
408825006
408823004
408842000
408828008
408827003
243827004
408843005
408833007
408831009
169662008
169667002
169657007
169661001
276642001
713202001
248879001
74202002
271688008
699950009
72161000119100
37009001
405818003
248830009
248825005
448545005
24699006
38250004
48236007
130963002
713201008
27214003
9293002
204868004
253835008
713454009
301455002
52441000
248861000
75993002
20897003
248915001
297147009
277158007
369462000
427785007
276580005
450697004
49794002
237790001
722833004
169839008
249122000
419760006
110081000119109
289350009
289351008
289352001
289353006
110440006
6815003
717731002
46022004
717733004
449838006
447249001
134031000119108
721571001
254857008
254873002
57993004
254884009
91982002
91988003
189130001
92021007
92031000
92049000
92062001
92081009
92084001
92086004
92095007
92100009
189120005
92102001
92103006
109881005
92160006
92166000
92167009
92190004
92192007
92239009
92248004
189123007
92260003
92269002
92270001
92273004
92297008
92316001
92330006
92349005
92458002
92460000
92469004
92056006
92470003
92473001
92486005
720344007
1081411000119109
1081421000119102
399123008
254862009
119423009
269485000
237223005
237221007
31401003
237224004
237220008
237219002
237225003
723025005
723172008
717704000
717703006
12265541000119104
716658005
237243004
3950001
169963001
169836001
228474006
228475007
42035005
237130006
289799006
236737006
52297004
16320551000119109
248979002
248838002
289530006
290104007
35999006
286996009
6964007
11824008
724389003
9068007
57352003
68212003
9742005
237143006
271690009
249186004
289588007
248895001
249134008
289547007
290113009
399176003
31159001
289623005
248941007
289674002
289622000
71848002
764791008
288266004
288259000
288265000
313351009
399990001
399911003
10423003
32644009
56169002
396779001
275258002
248836003
299976000
290068005
290072009
34831003
200418007
200419004
200416006
200420005
116339002
302924003
198123000
248837007
290067000
237472001
198108005
6703006
89164003
10750111000119108
162160003
248839005
290084006
290071002
290066009
290053009
290085007
449844005
297178008
198116001
115941000119108
115951000119105
55222007
200430001
271691008
251812003
251813008
251814002
251815001
251816000
200142000
17532001
254859006
69186005
234054006
274128005
289556004
289514003
289515002
198318007
80433004
62025007
262930006
89720001
283971002
262927004
22388002
59426001
212044001
1989002
283978008
445178008
289496000
309587003
425556003
70651004
254841008
72605008
237082005
426762000
72934000
110091000119107
1085006
237474000
85471005
198236005
198235009
26535009
778066006
286896005
92540005
92543007
92550006
189336000
92551005
92562005
92567004
92578007
92580001
92582009
92588008
92591008
92593006
92594000
92620009
92625004
92626003
92646008
92647004
92662002
92665000
109890003
92669006
92674003
92684002
92704005
92714001
92777004
92778009
92787000
92564006
92788005
92791005
92802003
276876007
286897001
286894008
286893002
286895009
254838004
444604002
708921005
285432005
254889004
372098004
372100004
276870001
424600001
424486004
423480004
423274005
716593008
423973006
254893005
764951002
764952009
732201008
702368000
723173003
702369008
274121004
700048007
44979007
7068004
22009001
249037004
200657008
75817003
90532005
1538006
84235001
199397009
90675007
60896008
289828004
69802008
9594009
127375006
320003
58699001
23652008
43808007
23128002
66895001
74522004
39333005
62774004
20036005
237324001
127376007
36798000
56624009
83056001
65809005
59932003
65336003
42466007
31465005
42718004
289820006
289821005
289819000
254891007
199482005
199483000
17382005
199484006
199485007
285636001
285836003
285838002
252991009
237090005
289812009
289811002
413811002
251648004
289806004
249020006
281128000
281127005
248925006
79290002
204853000
198198001
198199009
54672007
83774001
198203009
34145007
289782005
289783000
289762006
289790005
289789001
289791009
289792002
289774005
62472004
289775006
289758000
289787004
289785007
289779000
289771002
289784006
248922009
289651001
289650000
289773004
289815006
289768005
289770001
289769002
289764007
289786008
289652008
289654009
289653003
200146002
200147006
200151008
413814005
249132007
14049007
445086005
237106009
237084006
188463006
237039009
237097008
237116001
75428007
237268002
254870004
28608002
42686001
31598002
111422001
77360001
64532005
31474007
91155009
56728002
45022008
34543006
128529002
49258000
59211000
111418006
63922003
17716001
198160001
11892641000119101
76513003
12373006
76802005
31999004
53529004
11906007
123613000
83526003
21648003
13125003
198105008
198103001
32582007
237067000
237045001
198159006
237044002
37830006
198141008
198143006
198189004
55551005
198142001
198106009
198315005
198188007
426628005
14248008
4232007
6887003
198347000
302926001
9720009
402338004
416712009
763131005
290108005
77888002
201985002
429298008
201983009
201980007
201981006
201977006
427368007
106111002
289502006
248867001
289501004
248868006
210221002
206365006
42283001
236820006
236822003
23710009
235780005
699240001
31601007
275570002
237249000
698587001
198758006
198757001
198762000
198756005
198760008
198759003
198761007
307735008
307750004
307734007
307738005
267194005
698586005
698636009
198720007
198719001
198724003
198718009
198722004
198721006
198723009
156073000
198657009
198656000
198663000
198655001
198660002
198659007
198661003
249170006
735478007
735480001
735482009
737177009
399497006
449837001
15631971000119109
15631931000119106
429439000
198322002
10738291000119106
421000119103
390788001
237060003
10735991000119108
213199004
213202009
66677002
278087009
237233002
724483001
248090005
249124004
112074005
249179007
249187008
419266001
399599006
237110007
428017002
402946005
92933000
92932005
92957000
279014003
267214002
267215001
267213008
267216000
267217009
267212003
41215002
111324004
271020004
24787008
37687000
60291005
253839002
253838005
75474006
12017008
92973006
17142008
87380008
111335009
83546008
71953008
88825008
370966000
12362004
85029000
59035004
38296007
52904006
10835621000119104
65704008
10835701000119102
204905003
432734004
79977000
42618007
93034002
10736081000119101
71901000
54176009
93047007
31339007
58135005
15545001
34424009
428680008
10738211000119102
204847000
268223002
253825002
93074008
93073002
8915006
93280008
93279005
10736711000119105
328011000119101
11646003
1141000119101
142201000119101
253842008
271961001
253827005
93342009
93341002
267238003
360426005
89318001
111330004
63253009
254239000
10283004
23544000
43970002
253822004
142191000119104
253837000
37849005
204848005
204849002
198273008
111440002
439107005
169815003
248980004
717725000
289569000
199306007
237247003
199307003
472321009
429187001
36801000119105
289724008
248813007
871005
249149000
62129004
20768006
283968005
111722002
283964007
283957005
77233005
3751005
11850521000119100
283956001
11850481000119100
283961004
51772000
39716001
249005000
87605005
75250006
386762009
84304005
408639009
62131008
35716006
717820003
10836241000119104
200411001
200412008
267291006
200413003
200414009
289553007
23177005
402375009
89934007
275420003
211544008
269226004
111692004
262932003
262928009
58851004
237457000
237468000
721156008
87728001
237453001
237140009
7907005
57044006
399294002
5618007
81956008
59401005
79883001
10750991000119101
717706003
97171000119100
758002
24548005
60098005
314191009
444725008
6740003
237207005
237203009
237204003
443006
724477004
724474006
724472005
237200007
237199009
237210003
413938008
413939000
413940003
413941004
89573004
198832001
79333004
72209007
12349003
445548006
75585005
102887005
199004
102884003
211780006
89843004
27597005
199774009
1343000
199775005
698702007
42553009
70137000
68635007
237476003
360404009
360396000
123591000119103
23171006
35347003
21987001
275429002
199860006
237321009
199862003
199863008
248800001
289236001
63223002
737322008
737318003
737320000
20045006
664002
289734004
302254004
302253005
271368004
271369007
200134001
271370008
200144004
200154000
271373005
267278005
106008001
169628008
200150009
712654009
712655005
712653003
200133007
200148001
200149009
118215003
48782003
198617006
289261003
273984003
169620001
289480003
249162001
108371000119108
248829004
79179003
109892006
109891004
109893001
253821006
289253008
724136006
11718971000119100
459166009
57260004
424474002
424712007
423675002
423445003
424037008
423478005
289084000
289090001
423502007
423834007
40800004
444991004
449728008
448609001
448607004
31351000119105
10696621000119105
74431000119105
74421000119107
881000119102
762266006
248816004
248954000
248952001
54302000
271941007
248953006
390897008
289823008
290094001
290069002
46694006
10836071000119101
106002000
72860003
130960004
130959009
299692008
79604008
86196005
271989003
237062006
388605009
37102008
150561000119100
244938009
310789003
700079006
363124003
128074002
271973001
35046003
386804004
237460007
5552004
237256006
125586008
130958001
173300003
128604004
371347004
63339007
12337004
25658005
737331008
5089007
237470009
248822008
198306003
248921002
25749005
123581000119101
398262004
66119008
766946005
34201000119101
34211000119103
249196008
249006004
713575004
289083006
289089005
289088002
249104003
249105002
249100007
21346009
722431007
360422007
10835661000119109
34150001
237449003
46500003
279920004
254848002
108401000119106
737169005
237303006
307337003
253844009
18606002
19155002
254874008
286993001
266599000
198402002
73391008
399554003
3754002
399382009
360424008
21669001
51689003
44062003
16538005
314204000
1896004
62524003
26358008
34801009
79342006
237463009
290077003
289796004
289509002
290098003
36311007
289727001
52813007
85745007
83712005
199718001
29399001
199719009
274125008
18391007
81131001
248919007
254872007
253826001
253833001
111334008
302954008
268219005
767615004
64233004
253823009
61476004
8628002
426958002
123842006
447760009
8220004
31354001
40113007
64150007
198206001
237800001
237799000
254876005
254878006
198321009
418632009
237072009
419327006
699356008
446887007
254852002
198247003
10535001
61640006
22611009
237115002
266589005
84305006
52533003
5327000
314049009
76376003
57493005
38780008
78623009
172001
286985001
447801003
88027004
49746001
55613002
198319004
3539006
95600004
35501005
52425001
53445000
10738471000119109
10738431000119106
205026007
237057005
254882008
609515005
263993001
198337003
61253004
427537009
237467005
721212001
238669003
387681000
289857000
289482006
289860007
289485008
33563008
289252003
422961004
289293006
266601003
22173004
737323003
737321001
289745001
289710009
14094001
237119008
200164009
237080002
289254002
289729003
9773009
249024002
289759008
9279009
45307008
274129002
37762002
281687006
49416000
7822001
13943000
26224003
5939002
29421008
67042008
17380002
3873005
27068000
36664002
11454006
19363005
73837001
76889003
59919008
198808008
34478009
198807003
34530006
198812002
38099005
33490001
198806007
44992005
19099008
38951007
63637002
25032009
61951009
61452007
55639004
198810005
21334005
44640004
50844007
19228003
34367002
56451001
47161002
46365005
50726009
64181003
53111003
58123006
198809000
77186001
81521003
39120007
24444009
43293004
12983003
198811009
56462001
1592005
66892003
90645002
271954000
26623000
42571002
199694005
90188009
199695006
198875007
198876008
198874006
198878009
77854008
7768008
88201000119101
91484005
200433004
200434005
6995000
200435006
721162003
200436007
236821005
237320005
237319004
249166003
289717007
289833000
204826004
128134005
248903000
289831003
276882005
210241007
297105005
289832005
280504001
36697001
199047001
199050003
10750801000119102
254843006
770436006
766927009
21381006
199121007
199122000
199123005
88895004
199124004
424009001
289596002
297127001
248152002
16487009
710072005
275832008
198176005
198161002
312446008
252005008
102331000119107
47803004
248305004
109866004
429744008
312196000
95041000119101
130631000119108
130621000119105
130611000119103
107411000119108
198401009
125585007
10631000119105
289905004
289906003
36894006
248842004
198242009
53709002
66520009
89217008
1742007
16041008
361117008
286995008
6738008
227561004
65454003
84785006
428008002
414238007
414239004
82593008
707577004
427547007
39591000119109
712584009
35308000
85078005
426488001
237139007
712585005
74294009
4667004
770726004
266609001
3160009
198448006
39446004
26899006
30826006
164820001
164819007
37777005
52791002
427504007
1108009
280486004
724471003
198130006
722522009
62394006
32923006
289849003
7941000119105
298129000
289867005
289882000
62730001
82916009
248101004
8800006
21731004
23886002
773327007
106104001
716706009
166441004
166440003
46372006
118220003
10114008
169550004
198175009
714189008
198241002
14021000119107
53944005
60241006
12011009
254282004
407377005
27574007
13866000
22753004
8884000
17594002
106009009
14022007
31805001
12867002
7245003
249090000
79114003
39208009
249089009
52327008
249091001
66231000
698583002
698582007
413340008
43673002
4006006
199577000
71028008
199578005
267335003
237336007
254845004
15952701000119108
23260002
27431007
254892000
254865006
29070004
27135009
62612003
87322003
765190005
237050007
399584006
399595000
399465006
399568005
248856002
366345005
290054003
290086008
289459009
289689006
289614007
289838009
289310006
289780002
289644005
289516001
20259008
366343003
302080006
289242002
366350004
289810001
289827009
289761004
366314006
408780005
290065008
289822003
289880008
366298006
290091009
289276006
289551009
289497009
289285006
289267004
366334007
290060003
289807008
366335008
249213009
249172003
289772009
289639003
289545004
248935000
289663006
248894002
289740006
289224007
289826000
289603009
289788009
289489002
289239008
289891001
289893003
289890000
289723002
366309007
289726005
366322004
289883005
289868000
365782006
289813004
289210008
366304002
248840007
289295004
289284005
290056001
289850003
290088009
289266008
289300002
289757005
289633002
289513009
289473000
289887006
289704009
289625003
366339002
300571009
289675001
366321006
289682002
289750007
290122005
366323009
289602004
289290009
289824002
289461000
289747009
289247008
290126008
289897002
289846005
289278007
289205009
289314002
289737006
289673008
276319003
366305001
289871008
289597006
289664000
289286007
366333001
366332006
366296005
364738009
300552007
289730008
366310002
289573002
366307009
290123000
289258004
289238000
248968007
289203002
289703003
366300006
366344009
118178000
366312005
366341001
366352007
301801008
366311003
366302003
366313000
366325002
366327005
289460004
290089001
289659004
289451007
289303000
289304006
289307004
289599009
290124006
249131000
366299003
248970003
289204008
289709004
289557008
248965005
289707002
289455003
289216002
290078008
289814005
289694006
290116001
289841000
289899004
289665004
289593005
289491005
365956009
289613001
249014005
366340000
366346006
289503001
289450008
289679007
289612006
366351000
366315007
366330003
366301005
366306000
248873000
248859009
249032005
366329008
289714000
289262005
366347002
366348007
289600007
289766009
289232004
289874000
289590008
289743008
289699001
289568008
366303008
289208006
364826005
364827001
366328000
118180006
118181005
118182003
366349004
118179008
118185001
57759005
199916005
199917001
48230001
6893006
289211007
289212000
289215003
57630001
283209006
289564005
237464003
54220007
10961005
85059005
77408009
723091005
198286004
198285000
45135002
9402004
249075004
289643004
249202006
248828007
278088004
248890006
249130004
289297007
289296003
109867008
2615004
449307001
449059000
54449002
200130005
262623002
283960003
262622007
262625009
262615004
283955002
29084009
34124000
28020009
211652000
286564009
298088008
248923004
76491002
417426005
399031001
16950007
34262005
199934009
199935005
289536000
249136005
289270000
237365001
289546003
36830004
20659000
19337000
116341001
724480003
81328008
289684001
289683007
289685000
36688000
198227006
371318006
300069000
95603002
87840008
17413005
95602007
71639005
198115002
10752251000119103
200446009
200447000
200444007
200448005
200449002
78622004
419468003
112068005
169814004
290079000
199405005
199406006
249219008
111425004
735489000
735490009
735486007
38261000119106
707089008
234058009
308135003
237059008
82755000
767444009
428567001
428930004
429715006
313180007
428566005
313178001
428058009
87178007
38039008
50367001
79992004
62333002
72846000
6678005
15633004
65683006
25026004
54318006
82118009
23464008
41438001
65035007
86883006
313179009
72544005
48688005
46906003
90797000
45139008
74952004
71355009
64920003
7707000
78395001
13763000
84132007
57907009
43697006
13798002
80487005
44398003
46230007
63503002
36428009
37005007
86801005
63110000
26690008
931004
441924001
417570003
237285000
199141002
77376005
300573007
300572002
416402001
609519004
254846003
372285001
714103006
283258005
766930002
716594002
240573005
402957000
237083000
237069002
240581006
240579009
237038001
240574004
237046000
237095000
102500002
289718002
9686009
20286008
274124007
18656007
199714004
199715003
77106003
248887000
67483001
237444008
254863004
274122006
289677009
289690002
289691003
289692005
289680005
289748004
289678004
289676000
289749007
430933008
289681009
53881005
127373004
127365008
127366009
127367000
127368005
127369002
127370001
127371002
127372009
127374005
290115002
289555000
254867003
737178004
251644002
4754008
199087006
199088001
237036002
268865003
238498009
84032005
29851005
237325000
62098001
248934001
50557007
10755951000119102
248905007
315224006
237278004
70537007
36999000
51108008
90053006
83294006
283965008
283958000
283969002
283962006
46502006
69385001
50263004
38280009
237124006
78095005
119901000119109
733133003
24251002
81488005
95599002
93476001
119420007
718220008
771080008
32290008
10661008
447072005
427578006
129670002
59819007
278068003
27420004
20430005
769169008
699358009
199375007
199373000
199376008
12803000
47200007
444661007
134781000119106
773775004
773774000
254868008
238919009
169813005
38628009
105435005
253843003
417181009
248848000
249128001
283713003
237450003
431396003
427685000
237458005
204923006
417044008
87352006
199427001
199425009
199428006
370499007
60023006
276879000
276508000
15539009
372043009
75094005
56160003
21711003
248851007
289611004
237333004
248853005
248844003
248846001
109868003
27152008
87621000
33370009
199027009
199028004
199025001
37295009
426780009
289861006
403459000
289486009
289881007
289498004
297207007
427915005
34439005
440532007
81891001
190535006
426943005
213201002
289725009
249148008
34981006
199838008
267265005
199839000
198353000
721171007
248917009
372281005
428098006
80212005
237466001
441981006
198316006
16924008
64206003
12064008
268290005
253832006
253836009
205027003
237120002
387692004
42245002
717910009
431498001
206538000
371106008
721176002
23189007
198755009
38784004
86891002
26743002
373902000
18684002
8996006
61752008
198743003
33561005
90781005
3230006
44101005
38905006
21604008
54529009
40405003
74978008
61810006
25404008
195005
29995000
70823006
53247006
17335003
29583006
18872002
19564003
40500006
73280003
6134000
82204006
90450000
80438008
23401002
6802007
84143004
68189005
77099001
25519006
34701001
55589000
4451004
22046002
8670007
11373009
71362000
82338001
54155004
33046001
7802000
49632008
19236007
47574003
254871000
65937002
386120007
65539006
399966002
10231000132102
40451000119107
290125007
81811002
289736002
57296000
237075006
237137009
62011000119109
79986005
237250000
198746006
198745005
198750004
198744009
198748007
198747002
198749004
707207004
16101000119107
307752007
307746006
307749004
307748007
267193004
198707009
198706000
198711003
198705001
198709007
198708004
198710002
724484007
156072005
413338003
198646004
198645000
198650006
198644001
198648003
198647008
198649006
268479002
735477002
735479004
735481002
16111000119105
10873931000119107
248817008
102886001
37110009
102883009
67480003
129633006
57797005
609454008
609455009
609472002
609456005
609457001
609458006
609503006
609459003
609504000
609505004
609506003
609460008
609507007
609461007
609508002
609447002
609462000
609448007
609463005
609449004
609464004
609465003
609450004
609510000
609466002
609498008
609467006
609468001
609469009
609499000
609470005
609471009
609451000
609512008
609473007
609494005
609474001
609500009
609475000
609501008
609476004
609502001
609477008
609478003
609511001
609479006
609480009
609452007
609482001
609483006
609484000
609485004
609486003
609487007
609453002
609489005
609493004
609490001
609491002
609513003
609514009
6251000119101
6261000119104
609446006
609492009
66779006
59363009
307733001
307737000
371096003
35850006
77296004
56900004
3129009
237461006
213200001
10573002
721593006
237471008
447353001
722831002
1087011000119108
717816002
10806041000119104
111459000
280516007
19773009
301775005
447402003
723090006
447386002
199112006
32701000
402706007
23623005
237091009
279499002
408643008
448952004
422399001
422479008
423114009
424229006
1080111000119108
1080191000119104
1080151000119109
1080231000119108
1080161000119106
1080241000119104
1080261000119100
1080341000119105
37610005
10743651000119105
289510007
290120002
289529001
289479001
254840009
402707003
442506007
28783002
47132003
266579006
717723007
60103007
62112002
285834000
262933008
125638008
37798005
56343003
734857007
127277000
286554000
262916001
18296004
31110000
125639000
210242000
1317001
8281003
64042000
125637003
83276000
23368007
262682005
283976007
36854009
199409004
199410009
211105005
211116003
211115004
1031000119109
46914009
249125003
249127006
248850008
439311009
69777007
64996003
237132003
351814001
102868004
289705005
73505005
249025001
289760003
4026005
84693004
80256005
43080001
12245007
25911000119108
315248002
109889007
278053004
1080431000119107
1080441000119103
128481000119107
35656003
237437004
93616000
38010008
724490006
200173001
17285009
15196006
361115000
276641008
737288007
65727000
254883003
713609000
733834006
416669000
423829008
82231009
71096001
23885003
80182007
54212005
249018008
717724001
703946008
66958002
45248009
238483007
773626008
254847007
708518001
69338007
237302001
234380002
307338008
249098007
359987004
274169001
248863002
248866005
282025003
75128002
249221003
169960003
20236002
118216002
249141002
45757002
283376000
199972004
10897571000119103
283959008
283970001
262926008
283963001
410062001
721598002
225604004
82374005
225603005
58219009
237122005
290121003
248833006
248832001
42385006
35537000
248831008
372283008
199422007
199423002
289470002
289472005
248826006
66998000
289263000
248916000
248876008
248862007
426403007
399363000
83017007
124735008
56026007
43311000
441891001
289877007
198279007
237475004
399744004
399459006
111431001
58071009
57734001
373901007
3634007
4576001
27169005
52342006
5792004
30479005
111432008
27015006
37787009
12095001
18894005
48433002
6647006
39239006
75947000
75825001
12296009
59859005
5577003
41806003
7166002
71216006
13100007
54044001
36473002
15511008
26010008
62888008
55933000
51953009
85652000
76472002
20216003
75013000
21280005
51096002
20483002
53098006
51707007
39246002
29950007
25691001
8468007
5945005
34500003
39406005
254881001
763771009
770559003
447389009
161726001
161725002
161724003
289289000
290073004
289794001
289506009
92461000119101
92451000119103
289855008
289615008
289488005
290097008
289840004
289269001
289662001
289474006
50923006
95597000
111420009
198380007
237101004
248947006
248892003
237304000
733651001
721180007
237112004
26348009
402715000
289859002
289484007
386704007
80228000
721972001
90751002
276891009
425719009
57420002
390959009
281050002
109888004
278054005
314955001
314970000
402437008
403458008
290080002
289586006
289578006
449827006
289579003
249211006
289580000
289582008
289585005
289576005
289577001
278072004
289581001
449828001
289584009
289583003
199787003
199788008
289240005
248963003
237261008
249203001
9121000119106
769168000
699357004
445122007
28701003
237239003
248522001
289797008
721977007
386763004
237141008
386764005
237142001
275433009
68214002
237459002
403388003
237366000
40096002
449073009
447782002
449054005
446022000
447882007
254849005
773283006
773284000
770686005
254869000
254861002
278052009
188050009
93215006
448300007
254896002
372094002
188156001
371972005
254837009
373080008
373081007
373082000
373083005
449259009
188151006
188183000
371979001
188190005
188189001
188159008
188176007
188177003
372097009
188192002
372099007
372064008
188191009
188211001
188195000
363446004
363447008
188153009
188155002
188193007
188147009
188198003
448674007
188204000
188184006
188152004
188154003
428322007
371973000
188209005
188157005
188180002
10749871000119100
254844000
254860001
369537003
369538008
369515005
369516006
369517002
369518007
369519004
369541004
369542006
369543001
369544007
369610009
369545008
369546009
369524001
369525000
369526004
369527008
369528003
369559001
369560006
369561005
369562003
369563008
369564002
369565001
369539000
369540003
369547000
369548005
369549002
369550002
369551003
369552005
369553000
369554006
369555007
369556008
369557004
369558009
369531002
369532009
369533004
369534005
369566000
369567009
369568004
369569007
369570008
369571007
369572000
369573005
369497003
369498008
369499000
369500009
369501008
369574004
369493004
369579009
369494005
369495006
369496007
369502001
369575003
369576002
369577006
369578001
369504000
369505004
369506003
369512008
369580007
369503006
369581006
369582004
369583009
369584003
369585002
369586001
369507007
369508002
369509005
369510000
369511001
369587005
369588000
369589008
369590004
369591000
369592007
369593002
363354003
363444001
363514001
363443007
363460002
363445000
363367000
199741009
270498000
12198241000119109
198328003
80002007
67802002
718679004
22049009
70471001
697944008
12266201000119107
12266161000119102
27931000119107
240050008
51519001
87814002
271602007
300859007
289922002
445039006
129801000119109
289477004
704190008
327028001
135876005
274131006
45198002
700038005
237443002
64230001
112069002
248888005
106007006
289246004
289243007
289245000
289244001
249195007
200099005
200100002
87383005
10808861000119105
200101003
200102005
95606005
95607001
79748007
249161008
200111005
200112003
88887003
200113008
200114002
171000119107
44772007
37141005
267340006
100801000119107
289606001
289608000
289607005
237298009
78789000
10737321000119104
10737281000119109
254875009
717705004
37860001
36144008
45945004
213112009
270524007
5268006
20845005
408792005
408793000
408794006
249135009
63402005
109285009
109286005
428876001
111208003
249207000
249180005
249181009
249182002
198624007
20016009
6908007
314631008
266677000
198439001
198436008
198438009
129596006
68811000
198437004
21801002
123756000
289904000
276477006
237138004
289903006
80860003
386692008
55528005
33350003
289894009
431416001
63074002
161723009
161722004
161721006
23186000
702629003
84292000
9126005
124081000119107
161718009
79255005
198626009
60000008
283169003
763479005
285634003
285637005
285635002
285638000
15363000
237128009
44771000
42814007
423633003
237257002
19569008
199022003
199023008
32581000119101
289715004
237355007
248841006
290112004
17369002
184339009
58990004
2781009
43306002
373896005
13384007
10697004
34270000
19169002
85116003
48485000
609525000
40444006
57469000
21360006
60265009
10058006
55976003
48739004
12394009
34614007
50770000
64814003
30806007
66131005
275421004
53183006
39199000
16714009
85331004
127009
44814008
7809009
85632001
72613009
83922009
85991008
85467007
8071005
14136000
74369005
51954003
15809008
87967003
47537002
82153002
11026009
7910003
61568004
67465009
59204004
18613002
11109001
1469007
23793007
16607004
55466006
36521000
89467003
428164004
43548008
722523004
254855000
199418002
199416003
199419005
762265005
129597002
289716003
289539007
289559006
44782008
459168005
459170001
459169002
459171002
459167000
713576003
237296008
51885006
733528009
169750002
289256000
289257009
444712000
254851009
119422004
768925009
68750005
289548002
370498004
68389001
55310007
767356009
248939006
253828000
102876002
443460007
28079008
45384004
33340004
449836005
199331008
199330009
199329004
721601007
80224003
24664007
16356006
442478007
199380003
199378009
199381004
428511009
75548002
69532007
1118811000168105
63774006
271488001
39092007
4316006
289453005
289457006
82769000
95608006
283624005
276679003
237096004
762290007
3468005
237441000
206409001
126929003
126935003
126909004
126926005
126917007
126930008
126925009
126936002
126912001
123844007
126913006
126916003
126927001
126907002
126914000
126911008
126923002
126924008
33521000119105
126932000
126934004
126910009
126928006
123843001
127271004
126918002
126884005
126920004
126648001
126919005
126510002
94745003
94750009
94759005
269497004
94768007
94785009
94798000
94816009
94819002
94821007
94829009
94834008
94836005
94837001
94884001
94890002
94891003
94914006
94916008
94955009
94964004
94974001
94982001
94984000
95022007
95034004
95052004
95155000
95157008
95166007
94792004
95167003
95170004
95183003
126931007
126933005
126915004
123841004
126908007
10743831000119100
126921000
126922007
289712001
57197002
290103001
225605003
237469008
290093007
162166009
162164007
248819006
290092002
237462004
290118000
290096004
290119008
225574009
290090005
248824009
289753009
289572007
162165008
44638009
290074005
713204000
237454007
289728006
448376000
448774004
276509008
699522001
402708008
4907004
298017006
399131003
64678009
311800002
289698009
237242009
427307004
47134002
198336007
15848008
64552006
79734007
2526004
22741003
22043005
28271003
724460004
426836003
7079009
83620003
78697003
717818001
10750411000119102
15034009
72498006
4124006
87005006
53706009
62679002
169961004
278059000
290063001
69840006
61432006
130961000
707282007
288209009
199314001
45723005
50633001
289214004
35874009
289213005
289221004
289233009
278092006
237123000
308550003
78456001
289847001
282027006
289902001
102881006
289793007
289693000
289648008
72892002
117471000119103
278095008
289237005
289746000
289223001
290059008
290055002
290087004
289505008
289722007
297126005
289829007
18122002
289566007
702466002
237801002
289895005
60001007
289227000
248855003
102877006
248928008
127363001
106109006
289495001
199358001
63750008
289358002
289357007
289356003
289355004
199359009
249065002
249064003
200288002
200289005
200286003
200290001
200291002
288208001
200374003
200375002
270502007
200376001
200377005
200364001
280732008
237353000
199979008
199977005
199980006
199969006
199970007
251665008
199974003
199975002
200367008
200368003
267289003
200369006
200370007
200381005
200382003
271372000
200383008
200385001
248994003
199995008
200342005
397752008
200343000
200105007
200106008
200107004
200108009
199993001
15400003
111451002
392280004
54679003
199746004
199759007
199757009
199760002
199769001
199767004
199770000
735492001
199765007
10751631000119101
199751005
199753008
199755001
199761003
10751581000119104
199752003
715880002
199749006
199747008
199750006
199762005
10751511000119105
199763000
199764006
199754002
199806003
66294006
77563000
20625004
428777001
95601000
762889007
248834000
762890003
289706006
22528004
289795000
7204006
69853009
249215002
289563004
276375002
289561002
237108005
65370002
467003
198386001
198385002
249137001
73482008
289271001
266597003
198332009
6303009
426272003
199653002
59566000
713192002
41962002
199654008
54213000
52073004
444560000
163399008
268948006
163428007
271886009
163438002
163480003
163475007
163476008
163482006
163484007
163494002
163493008
163485008
163489002
268951004
275964000
163487000
163474006
163488005
163483001
163491005
163472005
163479001
163469003
163471003
163467001
163478009
163477004
163468006
163470002
163442004
309668003
268950003
163425005
163394003
268947001
163395002
274298005
163542001
163540009
163535001
309670007
163539007
163429004
163510007
163509002
163499007
163500003
163501004
163502006
163504007
163505008
163506009
163507000
163508005
163434000
163433006
163451007
163498004
163427002
163435004
275960009
163439005
162753004
163459009
163460004
163463002
163457006
163462007
163461000
163452000
163515002
271887000
163431008
309669006
163532003
163531005
163437007
163327003
408802005
163533008
275969005
163521003
163525007
163520002
163524006
163526008
268954007
163522005
163430009
163453005
268949003
163414001
163415000
163416004
163516001
163441006
309667008
309665000
163422008
274297000
163563004
163409000
163408008
163564005
163559006
163561002
268955008
163403004
275962001
163565006
163566007
163567003
163568008
163569000
163570004
163571000
163406007
163556004
163576005
163574008
163575009
163577001
163400001
163401002
163410005
163404005
163405006
163555000
163413007
163412002
163436003
312354009
275961008
163424009
163426006
289288008
38835003
112070001
76047005
210222009
210454002
72363007
44521001
210440005
210445000
210441009
210446004
10849981000119105
10849941000119100
210448003
89205006
59452007
210438000
58179008
54653007
289575009
289574008
248865009
61881000
69217004
199413006
199414000
205683001
111550004
724461000
91549008
111549004
314741003
129635004
237065008
123761003
279028009
9899009
237061004
264557003
289836008
248902005
289834006
289835007
289848006
289842007
762262008
248801002
762263003
109879008
109886000
109878000
109880006
109885001
289686004
300554008
266603000
300553002
251664007
237134002
403946000
254898001
237477007
162143008
81712001
426702003
21621000119107
10760581000119104
53430007
289817003
289669005
289818008
289845009
289670006
279054001
76204004
247415009
289732000
289731007
721594000
99571000119102
14209008
48395006
49955008
42279001
13868004
26886008
26611006
237051006
703077007
237066009
127178003
280483007
87169001
303085006
361263009
18237006
169638003
169637008
169636004
169632002
36614009
118212000
81514003
23037000
279922007
248927003
427790005
27388005
55030004
67781003
278058008
34327003
76771005
289537009
289532003
289534002
289535001
289533008
56561006
87386002
765108007
449164003
283574001
39402007
275426009
106010004
735488008
735491008
735487003
189312004
270550006
367504009
86709000
249004001
271693006
289463002
721196005
36199004
262934002
7395000
81734004
408386002
266607004
161541000119104
86070006
373663005
206422009
83094001
398019008
46311005
36796001
76658000
11942004
9107002
6825008
85542007
14825005
38450002
79839005
289853001
289873006
289863009
289854007
289872001
289852006
289864003
289851004
289866001
248962008
289901008
289900009
21773007
8258000
199093003
199095005
17787002
199096006
56321006
77681005
315249005
12316007
264480008
237168008
237167003
237169000
60755004
237166007
237165006
237163004
315250005
199779004
199777002
199780001
70068004
289735003
109869006
712989008
427942006
10756261000119102
10756301000119105
44811000
424601002
904002
80325004
70425008
70129008
33058001
237297004
249174002
2437000
35258005
56425003
19258009
289273003
85076009
249173008
289279004
169958000
11763009
271403007
289272008
91153002
76380008
9864005
169954003
289265007
65483000
289275005
289277002
25585008
36813001
15663008
48888007
62531004
24095001
198905007
198906008
198903000
198899007
198900002
7792000
289281002
19117007
83741001
82664003
4174008
289280001
169957005
161000119101
198910006
198911005
415105001
10751771000119107
425708006
111447004
169952004
249206009
249205008
129600001
268585006
77285007
237292005
200351002
51195001
200352009
237252008
3944006
199625002
249175001
39249009
408839006
62319002
238921004
762260000
445558005
781067001
237055002
65377004
199646006
86203003
713187004
713191009
199647002
52754008
770679002
248936004
53740009
237195003
65576009
58881007
237194004
237193005
237191007
11314008
45823004
82069007
29609001
248884007
57158005
397949005
289879005
289744002
248997005
249034006
102874004
237787007
239177006
278063007
237098003
714111001
278064001
102879009
199063009
199064003
22281000119101
190538008
698628000
31351009
48880000
251660003
251655002
251658000
251659008
276462003
248880003
367861000119101
45055003
14488001
8076000
112071002
76742009
415149004
76498008
21237001
275306006
304598004
169783009
169784003
237315005
32865001
699263006
111452009
85039006
49177006
200030007
267272006
200031006
72771000119107
62410004
118213005
103008008
47821001
724496000
119891000119105
371091008
30118000
49071005
64541000
13273002
55861007
1124005
88387008
86569001
15100005
29123003
10152009
38802008
65375007
40156002
22178008
50404009
31834007
71612002
249218000
39931000
47345008
371036001
19911007
14418008
1155881000168100
314434008
152231000119106
102873005
102872000
289209003
310592002
310594001
363681007
237300009
39101000119109
237238006
248982007
169561007
169564004
169563005
169565003
169566002
169560008
169562000
169567006
77386006
249013004
249017003
4910006
25192009
84382006
30165006
34100008
3798002
39213008
20272009
367494004
59403008
34089005
24146004
112075006
29997008
13859001
54650005
282020008
102889008
6383007
373717006
237788002
721198006
49550006
199658006
44223004
10753231000119104
10753281000119103
10753181000119105
199659003
199662000
199660008
199661007
198912003
289733005
287979001
32590007
302003005
14272003
82639001
118189007
721199003
237093007
248985009
9780006
289349009
289354000
699212006
724489002
724488005
10761141000119107
10761191000119104
10761241000119104
10761341000119105
312974005
10759611000119105
10759661000119108
10759711000119103
237266003
698716002
698717006
19866007
127362006
82634006
22879003
55543007
60328005
30653008
2239004
33348006
80856001
17618008
6867004
15592002
80818002
76871004
288204004
184781000119102
208041000119100
99101000119101
721568009
733362008
721569001
99121000119105
91131000119109
107791000119107
156035004
721576006
198445009
237063001
198459002
65754002
762458004
5084002
402890001
722685004
387696001
721595004
45221000119105
722524005
722684000
107771000119106
96291000119105
721563000
107751000119102
93680004
372092003
353421000119109
353501000119104
15635801000119106
371971003
15635721000119108
372137005
373090000
373091001
373089009
373088001
93728003
93745008
353441000119103
353521000119108
371980003
93776002
93779009
93781006
93789008
371987000
93796005
93797001
353431000119107
109882003
93844001
93850006
93851005
369513003
369522002
93874009
93876006
93915004
93924008
93934004
422782004
93942003
93944002
93982005
369520005
369529006
93994001
94012007
94115006
94117003
94126000
372024009
10708511000119108
372025005
94143002
423987006
722681008
722679006
733361001
722687007
723077004
722683006
716588005
14884007
65846009
107781000119109
8913004
198449003
722680009
722686003
722682001
722832009
733359005
733134009
722678003
27460003
237447001
198452006
733360000
733135005
199819004
387699008
199821009
198456009
198464003
127364007
766248004
766247009
289464008
213139001
20334002
58289000
248937008
248896000
289571000
289540009
289560001
289220003
19729005
9361007
73998008
54844002
85793001
198305004
430961002
42116007
354737001
199384007
199385008
199672002
199670005
199673007
199847000
33627001
199848005
53443007
387700009
248966006
90968009
237267007
12729009
199857004
77259008
713232009
199858009
267262008
289234003
289454004
766947001
20101000119101
25711000119105
95596009
34363003
67882000
254879003
237750004
54574002
770591002
402314003
71787009
10760981000119107
248804005
237126008
198113009
237451004
237125007
266602005
200181000
22399000
200182007
12062007
200185009
20932005
200187001
289309001
248904006
289305007
289308009
289306008
283525002
95198001
289862004
289487000
408782002
63662002
248897009
290111006
289550005
248938003
289226009
289231006
289230007
27438001
713249002
88981003
735619000
735620006
95220008
397810006
702452007
199325005
60810003
199326006
35381000119101
762612009
10760701000119102
10760741000119100
169569009
11337002
702453002
80997009
762613004
10760781000119105
10760821000119100
390787006
310650002
289235002
249144005
278094007
289219009
733529001
198863002
198862007
198861000
370554001
237206001
237202004
237205002
26828006
724476008
724473000
237201006
237198001
237208000
65619001
18317005
708126004
315247007
402896007
1090441000119102
102878001
1081551000119106
1081561000119108
71111000119109
1090421000119108
762259005
290070001
290095000
289292001
289711008
249074000
302757007
289708007
289229002
69911009
445149007
80956002
24552005
21737000
237079000
199742002
276479009
275427000
26228000
109894007
237294006
699949009
267273001
200038000
111453004
109895008
200040005
111454005
275425008
371374003
609443003
111424000
44216000
200043007
371375002
713679001
237465002
74955002
717819009
200404000
200405004
200402001
200406003
200407007
31845005
10760301000119103
10760341000119101
79414005
41121007
13180005
15406009
198107000
60340005
89672000
249177009
237293000
15295001
57576007
199468005
199469002
199466009
199470001
199471002
271689000
249151001
763408003
763409006
766759009
199582007
44795003
199583002
399515004
399561004
289778008
76037007
83243004
237161002
237160001
289875004
237162009
45759004
237159006
237158003
237156004
289763001
289765008
52588004
8793008
237064007
289687008
289458001
169695002
243829001
169694003
169696001
237473006
87597001
32587001
44655008
15504009
49561003
88294009
370500003
34430009
199960005
199961009
739668007
199964001
199965000
69270005
23431000119106
283967000
95598005
17433009
198620003
199958008
237076007
403478000
88157006
10751311000119100
65984002
9516007
36742000
198824009
57468008
10759231000119102
448435005
447784001
278050001
448436006
447266004
448449001
448388003
423627007
448408001
254877001
254897006
448451002
289878002
289858005
289483001
721888002
289570004
289538004
289558003
248854004
249019000
248893008
248882006
302928000
254839007
105261000119101
722114007
276461005
283091007
289856009
76649007
6234006
199925004
199926003
9283009
42857002
289217006
289218001
289222006
59466002
276881003
156036003
198446005
198460007
32096006
30238006
94176003
372093008
94182000
94215000
94226006
94244003
188469005
94257006
94276008
94279001
94281004
94290006
94295001
94297009
94298004
94355001
94361003
94362005
369514009
369523007
94385006
94387003
16260631000119101
94434002
94443006
94455000
94464005
94465006
94511008
369521009
369530001
94525009
94544002
94653000
94655007
94664002
94665001
94668004
94681006
369535006
369536007
34272008
267400004
42537006
86030004
198450003
200025008
52414005
198453001
199824001
43715006
199825000
198457000
198465002
63973006
78148008
82642007
249146007
31207002
403477005
32515001
767272004
198301008
737168002
248845002
237184009
237183003
47054003
237185005
36297009
237182008
237181001
237179003
38720006
444555004
290110007
119421006
768924008
290109002
254850005
254858003
254866007
44108004
129598007
32591000119103
254277006
237058000
702454008
43990006
762614005
10760861000119105
10760901000119104
10761021000119102
10761061000119107
724481004
23413007
766822004
440583007
765286001
765287005
765285002
765288000
248807003
84007008
609133009
199889008
59795007
199890004
289241009
289892008
248967002
199783004
199784005
89700002
24339001
399473002
399253005
198297004
721204009
721205005
198324001
249099004
169826009
237244005
169827000
204470001
40193008
290076007
62331000
248806007
59020000
238909003
189125000
249142009
278096009
49279000
248811009
770601003
248869003
289469003
289471003
248827002
289837004
289264006
289452000
248914002
289624004
248874006
248860004
290061004
721596003
253829008
266578003
247350000
22758008
431329002
248909001
29542008
237317002
361280008
164812003
164811005
211140006
211124008
211151006
211135003
211150007
211134004
237265004
237264000
84457005
10751701000119102
82897000
42783002
169734005
67229002
309469004
284075002
248969004
406103009
254886006
764737005
105121000119102
254895003
403890009
276878008
30600004
283474003
8287004
249147003
23001005
237190008
83536006
237189004
237188007
237186006
237177001
237176005
57829009
237178006
237175009
237174008
237171000
76690005
408796008
237364002
68509000
72543004
70112005
28996007
48975005
28395004
64890008
408781009
70550008
75530006
66683004
237094001
289776007
37914004
49342001
61850009
266593004
289719005
13842006
198219002
198182008
198183003
70912006
198184009
198102006
73806001
198185005
198136000
198138004
198186006
70120007
198137009
10736351000119105
736524004
49364005
237438009
237440004
609204004
9295009
55472006
77913004
95279007
249007008
95280005
22816001
91271004
284217008
724456002
39330008
36280003
41377004
88243002
67912008
17299008
274185006
23004002
72979001
447649007
41676004
60584006
447688009
47586000
111710000
211772004
16192003
24844004
200439000
200440003
30506002
200441004
200442006
198425001
198426000
248931009
407379008
102875003
10743881000119104
403479008
249073006
300885006
289508005
300884005
289476008
290101004
289524006
289525007
289526008
289475007
290064007
237284001
765197008
368341000119109
13262009
237446005
402941000
248898004
262624008
55187005
262935001
237240001
165069007
165070008
165071007
4426000
289667007
289695007
289697004
289696008
278069006
301397009
43195002
289876003
58694006
716077006
87662006
83121003
22514005
15467003
75697004
38257001
17333005
21243004
9343003
7888004
86803008
52483005
8333008
50758004
52942000
87527008
23667007
8393005
254864005
716855006
60878004
102888000
370501004
53638009
289809006
249139003
289294000
450848006
289808003
10217006
199930000
199931001
63871009
47236005
15898009
41587001
429240000
199049003
169846004
56029000
69954004
248849008
63765009
248875007
10761391000119102
20510008
430456005
46946009
448911008
13595002
198309005
7266006
262931005
248857006
432043003
240160002
249150000
199362007
73161006
199363002
11914001
248996001
289688003
29171003
267268007
397952002
128077009
7504005
722663005
723168009
733393009
723167004
733394003
271119008
271134002
271129001
271145004
271128009
271144000
36497006
426997005
10760541000119109
90306000
21955004
276877003
428230005
237104007
81598001
237455008
706970001
281052005
199321001
64254006
199322008
169831006
169833009
169834003
169832004
10760661000119109
237087004
27696007
237049007
79586000
80847009
237445009
74181004
62819009
35585004
84194006
49558004
717697005
58949002
30406004
46536000
237047009
721597007
248814001
279919005
279923002
223003
22288000
267221002
267222009
267220001
267223004
267224005
267219007
31383003
8445003
72417002
445960002
31227001
28030000
75798003
151441000119105
83787007
84357006
60574005
199317008
65147003
199318003
417006004
13404009
169828005
169830007
169829002
169841009
289287003
28493005
449807005
449808000
449809008
198338008
427788009
95604008
198333004
248818003
68640004
721591008
198230004
198231000
737167007
428193004
427786008
99511000119105
95595008
70718000
289299005
289315001
289313008
289316000
289302005
289301003
724482006
289081008
289087007
281307002
237235009
237236005
237234008
237237001
766758001
254856004
278056007
237145004
408838003
83074005
169568001
237254009
199344003
86356004
199345002
58532003
236612006
37532005
237329006
50477003
20913004
762264009
289228005
724479001
10812041000119103
307534009
289562009
370496000
228479001
472905007
74945001
237070001
248911005
248912003
248910006
275418001
289756001
289777003
289755002
289830002
248933007
314372002
289701001
289702008
289738001
289700000
289739009
237077003
237071002
237078008
10260002
237215008
237214007
237216009
237213001
237212006
254880000
35746009
237217000
289629009
289626002
289627006
289631000
289628001
289630004
289655005
289657002
289656006
240109003
23508005
6891008
26158002
198179003
27215002
10760261000119106
95315005
313130001
249145006
236738001
236722007
24976005
10760221000119101
11597004
31821006
199463001
199461004
199464007
54559004
237074005
289649000
17442002
87553000
18973006
198268002
25474009
248942000
41452004
38437003
289661008
85150007
9297001
72645004
717701008
717702001
57058008
123665003
80533002
54668008
22504001
249201004
289645006
289741005
14689000
289647003
289646007
304525005
289618005
289641002
276365000
289636005
289642009
289637001
249200003
26287007
289752004
289751006
289634008
276366004
289620008
289638006
289632007
289635009
25336002
289619002
289621007
289742003
289640001
5364006
289660009
16112002
1372004
10761101000119105
200138003
248871003
248899007
248870002
289591007
289598001
289609008
289512004
289511006
289601006
267240008
267241007
267239006
267242000
237170004
37956000
73062002
723665008
289543006
289519008
289259007
237313003
271939006
289567003
162156001
162181003
31908003
248766002
398061002
248900002
248885008
248906008
248901003
289520002
53162000
248843009
289616009
289617000
87556008
254894004
276871002
276872009
248978005
289528009
161816004
289517005
289605002
276313002
289522005
289521003
275430007
373722006
289604003
38343000
1011000119104
251654003
289610003
289523000
248877004
268471004
248883001
249220002
289594004
31066003
308187004
281309004
248891005
237102006
237103001
289592000
237113009
262936000
248878009
398022005
248881004
266598008
30800001
198216009
428252001
65698008
79012001
237245006
289721000
289889009
237259004
237260009
698187008
415810004
200215007
200216008
267282007
200217004
200218009
199895009
79668009
199896005
31481000
237357004
290058000
77278008
274118001
314040008
289720004
14568003
89405008
724492003
724491005
724493008
724494002
279921000
18985003
237253003
237241002
65514002
388604008
388602007
161815000
443898004
444058005
426898004
237795006
289467001
248858001
281342003
289499007
289468006
289466005
289500003
275321000
289492003
267247006
237155000
237105008
199944006
267269004
199945007
198377006
403480006
387682007
402955008
402236002
206244002
10950002
249217005
402828000
301713005
399933001
276873004
276874005
276875006
403475002
403476001
161818003
403565003
717732009
237346009
162145001
313344000
237332009
266272001
48868008
237286004
402912009
237109002
30833006
63144007
198217000
721592001
4022007
238968009
70531008
23462007
58635009
707250009
238705003
37488003
403483008
53277000
198218005
276367008
288261009
289549005
102511005
102514002
102508009
102517009
102502005
102505007
102503000
249189006
289481004
289552002
289456002
423230008
399257006
699275001
204925004
283300007
723736005
205693008
289554001
472836003
450852006