82661006
289080009
289086003
26741000
42170009
109562007
274127000
67809006
72014004
288210004
199733009
302644007
302078000
123667006
42131003
301783004
56313000
102882004
11082009
39804004
71067002
4529005
90009001
237288003
17588005
35882009
1639007
3885002
428508008
16038004
69302000
102885002
302945005
735635007
735631003
236812009
236809006
236810001
198014000
735636008
735632005
43651009
236811002
28911003
416413003
237337003
74437002
10754331000119108
427013000
10741871000119101
169688006
243828009
169686005
169817006
14302001
413487000
71473008
199677008
199678003
20391007
168097000
371380006
289298002
289282009
289291008
289283004
236798003
198627000
313017000
67881007
33552005
27585009
34571000
444769001
169616000
169651008
169646002
169650009
408783007
169615001
169614002
310248000
169613008
243826008
408825006
408823004
408842000
408828008
408827003
243827004
408843005
408833007
408831009
169662008
169667002
169657007
169661001
276642001
713202001
699950009
72161000119100
24699006
38250004
28302007
448921000
24463005
27214003
9293002
52441000
276580005
49794002
425558002
48188009
720469008
366981000119102
427670006
366971000119100
427121008
425793006
236793007
249122000
289350009
289351008
289352001
289353006
46022004
92297008
237243004
3950001
169963001
169836001
237130006
35999006
286996009
249186004
249134008
289547007
31159001
71848002
288266004
288259000
288265000
10423003
32644009
56169002
10750111000119108
200142000
17532001
274128005
289556004
70651004
92684002
274121004
44979007
249037004
1538006
84235001
199397009
90675007
289828004
69802008
9594009
127375006
320003
58699001
23652008
43808007
23128002
66895001
74522004
39333005
62774004
237324001
127376007
36798000
56624009
83056001
65809005
59932003
65336003
42466007
31465005
42718004
199482005
199483000
17382005
199484006
199485007
249020006
79290002
289783000
289762006
62472004
289771002
289768005
289770001
289769002
289764007
200146002
200147006
200151008
249132007
14049007
445086005
75428007
237268002
28608002
42686001
9720009
77888002
201985002
429298008
201983009
201980007
201981006
201977006
427368007
106111002
206365006
699240001
31601007
275570002
237249000
698587001
198758006
198757001
198762000
198760008
198759003
198761007
307735008
307750004
307734007
307738005
267194005
698586005
698636009
198720007
198719001
198724003
198718009
198722004
198721006
198723009
156073000
198657009
198656000
198663000
198655001
198660002
198659007
198661003
249170006
41867009
10735991000119108
213199004
213202009
278087009
237233002
724483001
249124004
112074005
249179007
249187008
41215002
71901000
236805000
236790005
236807008
43970002
236799006
111440002
439107005
169815003
289569000
199306007
237247003
199307003
472321009
429187001
36801000119105
289724008
871005
249149000
62129004
249005000
87605005
62131008
10836241000119104
289553007
23177005
89934007
58851004
7907005
10750991000119101
443006
236814005
12349003
445548006
102887005
17276009
102884003
199774009
1343000
199775005
698702007
42553009
70137000
68635007
23171006
35347003
21987001
275429002
199860006
237321009
199862003
199863008
289236001
737318003
124733001
20045006
289734004
302254004
302253005
271368004
271369007
200134001
271370008
200144004
200154000
271373005
267278005
106008001
169628008
200150009
712654009
712655005
712653003
200133007
200148001
200149009
118215003
48782003
198617006
289261003
273984003
169620001
249162001
79179003
109892006
109891004
109893001
289253008
11718971000119100
459166009
57260004
424474002
424712007
423675002
423445003
424037008
423316001
423478005
289084000
289090001
423502007
423834007
10836071000119101
106002000
72860003
130960004
130959009
388605009
386804004
237256006
125586008
130958001
173300003
128604004
737331008
25749005
249196008
249006004
713575004
289083006
289089005
289088002
249104003
249105002
249100007
21346009
236815006
34150001
237303006
307337003
18606002
286993001
266599000
21669001
12653009
44062003
16538005
314204000
26358008
34801009
289727001
83712005
199718001
29399001
199719009
274125008
18391007
81131001
237800001
3539006
609515005
289252003
289293006
266601003
22173004
289745001
289710009
14094001
237119008
200164009
289254002
289729003
9773009
9279009
45307008
274129002
37762002
281687006
49416000
7822001
13943000
26224003
5939002
29421008
67042008
17380002
3873005
27068000
36664002
11454006
19363005
73837001
76889003
59919008
198808008
34478009
198807003
34530006
198812002
38099005
33490001
198806007
44992005
19099008
38951007
63637002
25032009
61951009
61452007
55639004
198810005
21334005
44640004
50844007
19228003
34367002
56451001
47161002
46365005
50726009
64181003
53111003
58123006
198809000
77186001
81521003
39120007
24444009
43293004
12983003
198811009
56462001
1592005
66892003
90645002
271954000
26623000
42571002
199694005
90188009
199695006
198875007
198876008
198874006
198878009
77854008
91484005
414187003
237320005
237319004
249166003
289717007
36697001
199047001
199050003
10750801000119102
199121007
199122000
199123005
88895004
199124004
424009001
286995008
6738008
227561004
65454003
84785006
428008002
414238007
414239004
82593008
707577004
427547007
39591000119109
712584009
35308000
85078005
426488001
237139007
712585005
74294009
4667004
770726004
266609001
3160009
198448006
39446004
26899006
30826006
164820001
164819007
106104001
10114008
27034006
27574007
13866000
22753004
8884000
17594002
106009009
14022007
31805001
12867002
7245003
249090000
79114003
39208009
249089009
52327008
249091001
66231000
698583002
698582007
413340008
43673002
4006006
199577000
71028008
199578005
267335003
237336007
62612003
366345005
289459009
289689006
289310006
20259008
366343003
302080006
289242002
289827009
289761004
408780005
366298006
289276006
289551009
289285006
289267004
366334007
366335008
249213009
249172003
289545004
289740006
289224007
289239008
289891001
289893003
289890000
289723002
289726005
366322004
118183008
289210008
289295004
289284005
289266008
289300002
289887006
289704009
366339002
300571009
289675001
366321006
289682002
289750007
366323009
289290009
289461000
289747009
289247008
289897002
289278007
289205009
289314002
289737006
276319003
289286007
366333001
366332006
366296005
364738009
289730008
289573002
289258004
289238000
248968007
289203002
289703003
366344009
118178000
366341001
301801008
366325002
366327005
289460004
289451007
289303000
289304006
289307004
249131000
366299003
248970003
289204008
289709004
289557008
248965005
289707002
289455003
289216002
365429000
365427003
365428008
289694006
289899004
249014005
366340000
289450008
289679007
366330003
249032005
366329008
365425006
365423004
365424005
365426007
289714000
289262005
289766009
289232004
289743008
289699001
289208006
364826005
364827001
366328000
118180006
118181005
118182003
118179008
118185001
6893006
289211007
289212000
289215003
57630001
289564005
9402004
249075004
249202006
278088004
289297007
289296003
200130005
76491002
417426005
249136005
289270000
237365001
289546003
19337000
81328008
289684001
289683007
289685000
87840008
112068005
169814004
199405005
199406006
234058009
428567001
428930004
429715006
313180007
428566005
313178001
428058009
87178007
38039008
50367001
79992004
62333002
72846000
6678005
15633004
65683006
25026004
54318006
82118009
23464008
41438001
65035007
86883006
313179009
72544005
48688005
46906003
90797000
45139008
74952004
71355009
64920003
7707000
78395001
13763000
84132007
57907009
43697006
13798002
80487005
44398003
46230007
63503002
36428009
37005007
86801005
63110000
26690008
931004
441924001
417570003
237285000
199141002
77376005
300573007
300572002
416402001
609519004
714103006
236818008
102500002
289718002
9686009
20286008
274124007
18656007
199714004
199715003
274122006
289677009
289690002
289691003
289692005
289680005
289748004
289678004
289676000
289749007
430933008
289681009
53881005
127373004
127365008
127366009
127367000
127368005
127369002
127370001
127371002
127372009
127374005
289555000
199087006
199088001
237036002
268865003
84032005
29851005
237325000
62098001
50557007
10755951000119102
70537007
36999000
119901000119109
34615008
199375007
199373000
199376008
12803000
47200007
444661007
134781000119106
169813005
249128001
417044008
199427001
199425009
199428006
276879000
276508000
15539009
372043009
75094005
56160003
27152008
87621000
33370009
199027009
199028004
199025001
426943005
289725009
249148008
34981006
199838008
267265005
199839000
64206003
713919009
387692004
206538000
371106008
198755009
38784004
86891002
26743002
373902000
18684002
8996006
61752008
198743003
33561005
90781005
3230006
44101005
38905006
21604008
54529009
40405003
74978008
61810006
25404008
195005
29995000
70823006
53247006
17335003
29583006
18872002
19564003
40500006
73280003
6134000
82204006
90450000
80438008
23401002
6802007
84143004
68189005
77099001
25519006
34701001
55589000
4451004
22046002
8670007
11373009
71362000
82338001
54155004
33046001
7802000
49632008
19236007
47574003
65539006
10231000132102
289736002
57296000
237137009
79986005
237250000
198746006
198745005
198750004
198744009
198748007
198747002
198749004
707207004
16101000119107
307752007
307746006
307749004
307748007
267193004
198707009
198706000
198711003
198705001
198709007
198708004
198710002
724484007
156072005
413338003
198646004
198645000
198650006
198644001
198648003
198647008
198649006
268479002
52749004
16111000119105
102886001
65770000
102883009
67480003
124731004
57797005
609454008
609455009
609472002
609456005
609457001
609458006
609503006
609459003
609504000
609505004
609506003
609460008
609507007
609461007
609508002
609447002
609462000
609448007
609463005
609449004
609464004
609465003
609450004
609510000
609466002
609498008
609467006
609468001
609469009
609499000
609470005
609471009
609451000
609512008
609473007
609494005
609474001
609500009
609475000
609501008
609476004
609502001
609477008
609478003
609511001
609479006
609480009
609452007
609482001
609483006
609484000
609485004
609486003
609487007
609453002
609489005
609493004
609490001
609491002
609513003
609514009
6251000119101
6261000119104
609446006
609492009
59363009
307733001
307737000
213200001
10573002
10806041000119104
8619003
236806004
53821008
359559003
89921006
80330000
84245004
21071002
31356004
72746005
52937008
85414007
71349004
58423003
414494005
10743651000119105
36854009
199409004
199410009
1031000119109
46914009
249125003
249127006
439311009
69777007
64996003
237132003
102868004
289705005
73505005
84693004
80256005
35656003
38010008
724490006
200173001
17285009
15196006
276641008
65727000
416669000
71096001
80182007
54212005
249018008
66958002
69338007
237302001
234380002
307338008
249098007
169960003
20236002
118216002
249141002
45757002
237122005
35537000
199422007
199423002
289263000
426403007
399363000
83017007
124735008
56026007
111431001
58071009
57734001
373901007
3634007
4576001
27169005
52342006
5792004
30479005
111432008
27015006
37787009
12095001
18894005
48433002
6647006
39239006
75947000
75825001
12296009
59859005
5577003
41806003
7166002
71216006
13100007
54044001
36473002
15511008
26010008
62888008
55933000
51953009
85652000
76472002
20216003
75013000
21280005
51096002
20483002
53098006
51707007
39246002
29950007
25691001
8468007
5945005
34500003
39406005
161726001
161725002
161724003
289289000
289269001
237101004
237304000
735633000
735629007
735634006
735630002
386704007
80228000
90751002
57420002
390959009
281050002
289586006
289578006
449827006
289579003
249211006
289580000
289582008
289585005
289576005
289577001
278072004
289581001
449828001
289584009
289583003
199787003
199788008
289240005
248963003
237261008
249203001
9121000119106
445122007
28701003
237239003
237141008
237142001
275433009
68214002
237366000
40096002
41982003
2904007
414643008
707418001
236791009
236794001
236792002
765275003
765282004
764096006
106106004
49408009
10749871000119100
199741009
270498000
80002007
67802002
51519001
87814002
274131006
700038005
112069002
106007006
289246004
289243007
289245000
289244001
249195007
200099005
200100002
87383005
10808861000119105
200101003
200102005
95606005
95607001
79748007
249161008
200111005
200112003
88887003
200113008
200114002
171000119107
44772007
37141005
267340006
100801000119107
289606001
289608000
289607005
237298009
78789000
36144008
5268006
20845005
408792005
408793000
408794006
249135009
111208003
249207000
249180005
249181009
249182002
198624007
20016009
6908007
314631008
266677000
198439001
198436008
198438009
129596006
68811000
198437004
21801002
123756000
289904000
276477006
237138004
289903006
80860003
386692008
55528005
33350003
289894009
431416001
63074002
161723009
161722004
161721006
23186000
84292000
9126005
124081000119107
161718009
79255005
198626009
60000008
237128009
42814007
237257002
19569008
199022003
199023008
289715004
17369002
184339009
58990004
2781009
43306002
373896005
13384007
10697004
34270000
19169002
85116003
48485000
609525000
40444006
57469000
21360006
60265009
10058006
55976003
48739004
12394009
34614007
50770000
64814003
30806007
66131005
275421004
53183006
39199000
16714009
85331004
127009
44814008
7809009
85632001
72613009
83922009
85991008
85467007
8071005
14136000
74369005
51954003
15809008
87967003
47537002
82153002
11026009
7910003
61568004
67465009
59204004
18613002
11109001
1469007
23793007
16607004
55466006
36521000
89467003
428164004
43548008
199418002
199416003
199419005
129597002
289716003
289559006
44782008
45703009
459168005
459170001
459169002
459171002
459167000
713576003
237296008
51885006
169750002
289256000
289257009
289548002
102876002
443460007
28079008
45384004
33340004
199331008
199330009
199329004
80224003
16356006
442478007
199380003
199378009
199381004
428511009
69532007
39092007
289453005
289457006
9789007
95608006
67708007
10743831000119100
289712001
57197002
289753009
289572007
44638009
713204000
289728006
276509008
699522001
289698009
237242009
78697003
717818001
10750411000119102
169961004
278059000
69840006
288209009
199314001
45723005
300551000
289214004
35874009
289213005
289221004
289233009
278092006
370991000
237123000
78456001
282027006
289902001
102881006
289693000
72892002
278095008
289237005
7075003
289746000
289223001
289722007
18122002
289566007
702466002
18258000
289895005
60001007
289227000
102877006
127363001
106109006
199358001
63750008
289358002
289357007
289356003
289355004
199359009
249065002
249064003
200288002
200289005
200286003
200290001
200291002
200374003
200375002
270502007
200376001
200377005
200364001
237353000
251665008
200367008
200368003
267289003
200369006
200370007
200381005
200382003
271372000
200383008
200385001
248994003
200105007
200106008
200107004
200108009
15400003
199746004
199759007
199757009
199760002
199769001
199767004
199770000
735492001
199765007
10751631000119101
199751005
199753008
199755001
199761003
10751581000119104
199752003
715880002
199749006
199747008
199750006
199762005
10751511000119105
199763000
199764006
199754002
199806003
66294006
77563000
20625004
289706006
249215002
289563004
276375002
289561002
249137001
289271001
448532006
199653002
59566000
713192002
41962002
199654008
54213000
52073004
236803007
88311004
367761000119105
367791000119103
367781000119101
367771000119104
367801000119102
163428007
163425005
163542001
163540009
163535001
309670007
163539007
163429004
163510007
163509002
163499007
163500003
163501004
163502006
163504007
163505008
163506009
163507000
163508005
163498004
163427002
163515002
271887000
163431008
163532003
163531005
408802005
163533008
275969005
163521003
163525007
163520002
163524006
163526008
268954007
163522005
163430009
163516001
163422008
274297000
163563004
163564005
163559006
163561002
268955008
163403004
163565006
163566007
163567003
163568008
163569000
163570004
163571000
163556004
163576005
163574008
163575009
163577001
163555000
312354009
163424009
163426006
289288008
38835003
112070001
289575009
289574008
61881000
69217004
199413006
199414000
9899009
289686004
300554008
266603000
300553002
10760581000119104
289732000
289731007
14209008
48395006
49955008
42279001
13868004
26886008
26611006
169638003
169637008
169636004
169632002
36614009
118212000
81514003
23037000
27388005
278058008
34327003
76771005
33186007
56561006
275426009
106010004
249004001
271693006
289463002
408386002
266607004
161541000119104
373663005
248962008
289901008
289900009
199093003
199095005
17787002
199096006
60755004
199779004
199777002
199780001
70068004
289735003
10756261000119102
10756301000119105
44811000
424601002
904002
70425008
70129008
33058001
237297004
249174002
2437000
35258005
56425003
19258009
289273003
85076009
249173008
289279004
169958000
11763009
271403007
289272008
91153002
76380008
9864005
169954003
289265007
65483000
289275005
289277002
25585008
36813001
15663008
48888007
62531004
24095001
198905007
198906008
198903000
198899007
198900002
7792000
289281002
19117007
83741001
82664003
4174008
289280001
169957005
161000119101
198910006
198911005
415105001
10751771000119107
425708006
111447004
169952004
249206009
249205008
129600001
268585006
77285007
237292005
200351002
51195001
200352009
237252008
3944006
199625002
249175001
39249009
408839006
199646006
86203003
713187004
713191009
199647002
52754008
58881007
397949005
289744002
248997005
249034006
102874004
278063007
278064001
102879009
199063009
199064003
22281000119101
75020007
31351009
8076000
112071002
76498008
21237001
275306006
304598004
169783009
169784003
62391003
111452009
49177006
200030007
267272006
200031006
72771000119107
62410004
118213005
103008008
47821001
724496000
119891000119105
30118000
49071005
64541000
13273002
55861007
1124005
88387008
86569001
15100005
29123003
10152009
38802008
65375007
40156002
22178008
50404009
39931000
371036001
14418008
1155881000168100
152231000119106
102873005
102872000
289209003
310592002
310594001
363681007
237300009
39101000119109
237238006
248982007
169561007
169564004
169563005
169565003
169566002
169560008
169562000
169567006
77386006
249013004
249017003
4910006
25192009
84382006
30165006
34100008
3798002
39213008
20272009
367494004
59403008
4886009
34089005
24146004
112075006
29997008
13859001
54650005
282020008
6383007
124732006
373717006
49550006
199658006
44223004
10753231000119104
10753281000119103
10753181000119105
199659003
199662000
199660008
199661007
198912003
289733005
287979001
32590007
14272003
82639001
118189007
248985009
9780006
289349009
289354000
724489002
724488005
10761141000119107
10761191000119104
10761241000119104
10761341000119105
312974005
10759611000119105
10759661000119108
10759711000119103
237266003
698716002
698717006
19866007
127362006
82634006
22879003
55543007
60328005
30653008
2239004
33348006
80856001
17618008
6867004
15592002
80818002
76871004
156035004
198445009
198459002
65754002
5084002
387696001
297106006
236788009
14884007
8913004
198449003
236800005
198452006
199819004
387699008
199821009
198456009
198464003
127364007
289464008
20334002
58289000
248937008
248896000
289560001
289220003
19729005
54844002
199384007
199385008
199672002
199670005
199673007
199847000
33627001
199848005
53443007
387700009
248966006
90968009
237267007
12729009
199857004
77259008
713232009
199858009
267262008
289234003
289454004
10760981000119107
237126008
237125007
266602005
289309001
289305007
289308009
289306008
408782002
289550005
289226009
289231006
289230007
713249002
271777008
702452007
199325005
60810003
199326006
35381000119101
762612009
10760701000119102
10760741000119100
169569009
11337002
702453002
80997009
762613004
10760781000119105
10760821000119100
310650002
289235002
249144005
278094007
289219009
198863002
198862007
198861000
237205002
26828006
237201006
237208000
102878001
289292001
289711008
249074000
302757007
289708007
289229002
118232004
445149007
21737000
276479009
275427000
26228000
109894007
237294006
699949009
267273001
200038000
111453004
109895008
200040005
111454005
275425008
371374003
609443003
111424000
44216000
200043007
371375002
10760301000119103
79414005
13180005
249177009
57576007
199468005
199469002
199466009
199470001
199471002
249151001
199582007
44795003
199583002
76037007
83243004
45759004
289763001
289765008
52588004
289687008
289458001
169695002
243829001
169694003
169696001
17433009
198620003
10759231000119102
289558003
42857002
289217006
289218001
289222006
59466002
276881003
156036003
198446005
198460007
32096006
30238006
297121000
236789001
34272008
86030004
198450003
200025008
198453001
199824001
43715006
199825000
198457000
198465002
249146007
31207002
167767004
167761003
167766008
167764006
167768009
167762005
167765007
250498001
134205008
167771001
167773003
167772008
167774009
167775005
700489002
36297009
38720006
44108004
129598007
702454008
43990006
762614005
10760861000119105
10760901000119104
10761021000119102
10761061000119107
84007008
609133009
199889008
59795007
199890004
289241009
289892008
248967002
199783004
199784005
89700002
249099004
169826009
237244005
169827000
204470001
40193008
62331000
249142009
278096009
49279000
289264006
289452000
22758008
361280008
300541001
300537000
300543003
167796003
167792001
167794000
167793006
167795004
300542008
315221003
167787003
167788008
167785006
167786007
315220002
167789000
167777002
167779004
167778007
167780001
300539002
315223000
315222005
167798002
167800009
167801008
167799005
31211008
85716005
69848004
274735009
237265004
237264000
84457005
10751701000119102
82897000
42783002
169734005
309469004
284075002
248969004
249147003
23001005
15296000
408796008
237364002
68509000
72543004
35608009
70112005
7860005
28996007
77814006
48975005
28395004
64890008
408781009
49342001
289719005
609204004
313279000
249007008
22816001
91271004
24844004
198425001
198426000
102875003
10743881000119104
249073006
237284001
55187005
237240001
4426000
289695007
289697004
289696008
43195002
58694006
236817003
87662006
83121003
22514005
15467003
75697004
38257001
17333005
21243004
9343003
21127004
7888004
86803008
52483005
8333008
50758004
52942000
87527008
23667007
53599007
8393005
53638009
289294000
47236005
15898009
41587001
429240000
199049003
56029000
10761391000119102
7266006
240160002
249150000
199362007
73161006
199363002
11914001
248996001
289688003
29171003
426997005
10760541000119109
90306000
281052005
199321001
64254006
199322008
169831006
169833009
169834003
169832004
10760661000119109
27696007
169449001
79586000
80847009
223003
22288000
31383003
8445003
72417002
31227001
28030000
75798003
151441000119105
83787007
84357006
60574005
199317008
65147003
199318003
417006004
13404009
169828005
169830007
169829002
289287003
28493005
289299005
289315001
289313008
289316000
289302005
289301003
289081008
289087007
281307002
237235009
237236005
237234008
237237001
278056007
237145004
408838003
83074005
169568001
237254009
199344003
86356004
199345002
281305005
58532003
289228005
10812041000119103
307534009
289562009
289701001
289702008
289738001
289700000
289739009
10260002
35746009
23508005
6891008
26158002
313130001
249145006
10760221000119101
31821006
54559004
9297001
289741005
289752004
289751006
289742003
10761101000119105
200138003
289259007
237313003
271939006
289567003
162156001
248906008
251654003
237245006
289721000
289889009
237259004
237260009
415810004
199895009
79668009
199896005
31481000
77278008
274118001
289720004
237253003
237241002
65514002
388604008
388602007
237286004
276367008
288261009
289549005
102502005
102501003
102505007
102504006
102503000
249189006
289552002
289456002
289554001
472836003
450852006
275831001
448962006
312081001
312079003
268463003
413116005
169513000
225371000
66836003
449038007
268466006
128481000119107
169506000
268461001
274408004
702678008
169467008
64085009
268458002
169535008
275813002
84065002
169530003
275832008
225370004
169531004
450851004
709457002
268464009
450850003
89639000
102954005
5935008
13197004
169550004
169447004
169446008
185642003
169471006
169538005
169470007
169485001
169499002
243819008
169472004
169486000
169524003
169488004
169500006
169461009
169489007
169463007
169477005
169501005
169462002
169479008
169539002
169487009
169458008
445637007
169507009
243820002
169508004
268457007
169445007
169482003
169537000
169536009
169484002
169523009
441878002
169469006
169459000
275909008
413911001
169521006
445375000
169522004
169483008
423728007
169481005
304387004
268459005
169460005
169511003
243821003
428987008
440552008
169533001
169480006
185636002
169532006
243822005
169545005
169548007
408822009
185648004
243817005
169490003
243818000
169544009
243825007
102955006
169491004
169556005
243823000
243824006
243816001