57514000
300525002
446551005
5049001
274685007
386674000
274852001
274835000
274860000
274846002
5413009
274682005
4529005
50293005
18823009
84204007
57971009
9090007
211064009
211048001
57593007
20025003
39729001
36029005
8725005
27717006
42855005
18957000
95593001
33724004
39235000
42288005
249239007
249233008
237804005
721554002
311497003
236756001
735635007
735631003
236775006
236812009
236809006
236810001
198014000
1051000119103
266571009
735636008
735632005
360392003
121871000119100
236811002
197964007
127342003
43491000
30168008
111806005
65049003
403464001
17951000119105
702715008
45082006
722829006
79411002
764846009
399490008
447800002
449052009
109863007
35602005
367731000119102
249263004
32561000119105
288681000119103
218395001
102525006
12364003
402256001
248776004
50227004
282354001
282355000
236746000
236798003
237809000
248782001
403471006
426567008
204908001
702616003
702627001
282347007
28302007
448921000
24463005
100191000119105
708059004
25999001
198037006
29524003
47371007
49398001
70843000
17585008
48732008
33000001
425558002
48188009
720469008
366981000119102
427670006
366971000119100
427121008
425793006
236793007
169838000
236745001
44882003
9076009
236743008
198033005
46090001
249259006
234108004
110441005
21173002
444808002
712818008
91983007
92019002
92082002
92088003
92120005
92206006
92207002
92249007
92286008
92112008
92308005
92336000
92402005
92428008
92456003
92476009
266569009
236646007
254902007
447799001
189136007
189135006
189138008
189140003
276418007
236780002
237808008
228474006
228475007
42035005
197965008
707504005
438510004
88646002
89604000
41232003
6603000
80723008
431469000
310008
12864009
48012003
55028001
398831006
398679002
400118002
299870007
299869006
48689002
283972009
283950007
283953009
238969001
85324003
52643007
360380003
248773007
248779006
41394002
27351007
46355004
34684001
28004004
56269007
92541009
92548003
92579004
92583004
92602000
92652009
92653004
92666004
92679008
92596003
92691004
255149000
92706007
723164006
92752000
92764008
92775007
92793008
286900008
254909003
254904008
372096000
372106005
254900004
698017003
726621009
54770009
111416005
14812002
34830002
111414008
10982004
81823008
15110001
236749007
236767000
236773004
236672003
4287008
735622003
236768005
35526001
60893000
23975003
403465000
10194007
133731000119108
426135001
19905009
39023007
74046003
234107009
7864001
236744002
249255000
240737001
236820006
236822003
262915002
41867009
66677002
248090005
402945009
92952006
236779000
371015003
91882003
73465006
767328004
59981001
51693009
767329007
88656003
274151005
5286009
371122009
93001004
4406004
428522008
70318002
82820009
83228001
55631001
6282000
204907006
702610009
29345006
39513007
275416002
253849004
64320007
236759008
44964000
82062003
93077001
93252006
34911001
85437001
93301006
236805000
111336005
236790005
93319002
93358007
93365004
236807008
699871003
713509006
312005008
253854008
236799006
28324007
249248002
36160007
283973004
14992004
283928006
23287003
283937006
53629007
262918000
269217002
429641000124109
198031007
44741008
300498005
276388004
274607002
274608007
402376005
402377001
281585008
269225000
78508009
64417000
79555006
78198009
43077002
135141000119104
409658007
109862002
767754009
236774005
460951001
109560004
236814005
254770007
416579007
88277007
386675004
38825009
236755002
210427000
210432004
248774001
124733001
737171005
42198007
423316001
448213004
448465000
253851000
186347006
128543007
386790008
73820008
118657002
236731007
64557000
700081008
363194005
33958003
30281009
271974007
49701002
86285007
703863008
703864002
118658007
73631002
236727001
64910008
236763001
30908009
236734004
702434007
236815006
237449003
236751006
198075006
445068007
445390001
12653009
134891000119104
50911000
737172003
198035003
300522004
88995000
52813007
85745007
248787007
248786003
248788002
52303006
88527005
767641005
81059003
84475006
197980002
236752004
278060005
109861009
16333002
445909003
279021003
300883004
300495008
300497000
249243006
300494007
300501005
31070006
197994001
72550000
24712006
198002008
27141002
57731009
406477003
248767006
248778003
248770005
248777008
248769009
248771009
248793004
255483000
236676000
267403002
2041006
78331000119108
248775000
249272007
428092007
236677009
236733005
236821005
414187003
716744000
725295005
715412008
248780009
32951002
81555000
47014000
48151006
32608004
39927006
63692006
22512009
29935003
60524008
48549003
89429001
300496009
300512005
300482003
300484002
300526001
365784007
302182000
366294008
366291000
366284003
366295009
366289008
365429000
365427003
365428008
300500006
300534007
300488004
365956009
366287005
366288000
366285002
366292007
366283009
302032008
249267003
365425006
365423004
365424005
365426007
365401003
300504002
366290004
276386000
429973000
300514006
45014001
249265006
448217003
449418000
735082004
403370006
447066005
262616003
262621000
262614000
277845008
275415003
73830004
262617007
262620004
283941005
262619005
262618002
443415006
300519001
249254001
249262009
249253007
300518009
249261002
398318005
397900003
236782005
373596001
66554005
236750007
19603004
397889003
251806008
251807004
251808009
251809001
251810006
713577007
249250005
429631000124104
236818008
1155911000168100
240576002
236766009
236772009
238419002
240580007
197967000
301990003
240575003
61500009
4754008
276387009
300486000
283974005
283948004
446596003
283929003
89966002
283938001
5223003
283944002
25756004
89993004
93475002
69452005
50573001
44843000
62182006
8465005
33878005
77708008
55898008
53839004
34615008
446026002
10227000
20430005
446711009
439030002
238916002
38628009
105434009
249257008
204933003
427492003
722103009
237450003
204922001
37268004
26614003
70660007
433234005
60313005
441797008
431005
76840008
42051002
32121007
70783003
34687008
236796004
204912007
204891000
204888000
204889008
713919009
78341000119104
66957007
431498001
236784006
198036002
248768001
52749004
41179007
129634000
124731004
1335005
236028000
22035000
33793000
11666007
405246007
446471004
309090002
371413003
236786008
312222003
446902002
309091003
402705006
312224002
312220006
312223008
4107000
236806004
359559003
89921006
84245004
21071002
31356004
72746005
85414007
71349004
414494005
236781003
737173008
236765008
737174002
737175001
128478005
371163003
366563009
81903006
43566003
262917005
286555004
262912004
110015006
125640003
210243005
1419004
282782006
125641004
210244004
86144007
285832001
262921003
125642006
210245003
76382000
211113006
269196004
269197008
715628009
304544003
427913003
403463007
371584001
441575009
205698004
285399003
283975006
283949007
283930008
283954003
283939009
285398006
283945001
262919008
249271000
300516008
88673001
249607009
276331001
276412008
15405008
43311000
300513000
300520007
300532006
300492006
95591004
3323003
56212008
82560004
733652008
67871000119105
238671003
238670002
402714001
700082001
403564004
403467008
724465009
735633000
735629007
735634006
735630002
93162007
314969001
249611003
446710005
403387008
427930001
253845005
248153007
236691003
61846002
275831001
41982003
312447004
145071000119106
102341000119103
247536009
248304000
367141000119107
247537000
109818006
274112000
312195001
198056001
198068005
198064007
198057005
249230006
66259004
76102007
141631000119100
37083002
722459008
99651000119107
48723006
2904007
414643008
707418001
236791009
236794001
236792002
765275003
765282004
764096006
72215007
82935009
87872006
197180003
197200005
22317004
248102006
111332007
738771004
106106004
442241007
442317007
166455007
166454006
166467009
118219009
49408009
699051006
714186001
444620007
254286001
254285002
407376001
236761004
713646001
702405001
278055006
277664004
448298007
448273006
188168005
372095001
188163001
449309003
700488005
417554000
416769008
417417007
369485004
369486003
369489005
369490001
369491002
369492009
369484000
188230001
276420005
276419004
188220005
363452003
363450006
363451005
363515000
363516004
399068003
363454002
188234005
254908006
363453008
363449006
188235006
188219004
300499002
300858004
127021000119102
300515007
300523009
53929009
87860000
213064001
67580000
782194002
447415007
253905000
724466005
403466004
446419007
278491007
45703009
361278002
87310001
254690006
66841006
236771002
78580004
236748004
81021006
249258003
67708007
238399000
126939009
126899005
126940006
126902008
126898002
126937006
126895004
126938001
126896003
126897007
126906006
126905005
126904009
126900000
94746002
94757007
94817000
94823005
94853003
94924003
94925002
94965003
94994005
94845006
95014000
95039009
95105008
95127004
95153007
95173002
126901001
126903003
236753009
2216005
55892009
40411000119106
236673008
449318001
448387008
298016002
107691000119101
50390006
300490003
36431005
195495009
441545004
38501006
54816003
64443004
35644004
35057008
35383007
47027001
23111000
81769002
55590009
59552005
300503008
370991000
82195006
300531004
300483008
302031001
18258000
418499009
725220006
448532006
236803007
88311004
367761000119105
367791000119103
367781000119101
367771000119104
367801000119102
163876003
163875004
163379002
704113009
162752009
163435004
390919006
309661009
439172003
439104003
163390007
163391006
163388006
163389003
400996003
400997007
310534004
271302001
309663007
168040002
390918003
275949000
163377000
268946005
163376009
309662002
704108005
163378005
439105002
163381000
309664001
163380004
163383002
801000119105
442453008
210426009
52801002
90057007
210430007
210429002
210434003
87702004
80310004
210431006
33423009
31762007
81771002
274718005
197983000
197988009
75632007
70053000
248785004
109887009
109874003
109875002
36386007
447738006
279020002
85011000119101
430968008
285375003
20502007
63901009
442236004
50818007
8034008
23285006
13758004
7762009
699317002
102031000119109
281591005
249249005
262914003
47255005
33186007
308006
765109004
240663001
252036000
240708000
286983008
402954007
60704006
403469006
238704004
255148008
400092004
429661000124108
404192008
403473009
416637009
429651000124106
335977000
403472004
403470007
252037009
402911002
240598006
249247007
249244000
300527005
300528000
762522008
6336005
126878007
282360001
449826002
17471001
66255005
236813004
190553000
282359006
190552005
44318002
367831000119109
367841000119100
367851000119103
367881000119105
367871000119107
20615009
770903003
367891000119108
367911000119105
367931000119100
367941000119109
314435009
4886009
44001008
124732006
253853002
6273006
368281000119108
367061000119107
368291000119106
721603005
721602000
402889005
721578007
236788009
93681000
93716006
109876001
93777006
93783009
371989002
93884005
93885006
93925009
372005006
372006007
93974005
712849003
372009000
369487007
372013007
94087009
94113004
94133000
721574009
1081781000119105
1081811000119107
236800005
721604004
370997001
276364001
724453005
5241006
109860005
236758000
366293002
275302008
249604002
309089006
154411000119109
300530003
300529008
249610002
300535008
1090331000119100
197973004
235788003
236678004
235787008
197959008
197960003
254901000
74411000119100
353091000119100
353101000119105
4127004
36729000
11441004
9713002
197963001
281801000009108
197968005
67685000
74117008
702436009
95590003
69069001
40694003
47106009
237748007
402315002
153261000119109
237451004
271777008
398768004
235786004
402895006
1098981000119101
39526006
266570005
254912000
21779006
50112006
253850004
123666002
110016007
283951006
283940006
262925007
282088003
283942003
448257000
361279005
297192002
198058000
702462000
65645005
198059008
249232003
300480006
115551000119104
62983000
236789001
94177007
94213007
94277004
94283001
188471005
94315003
94401004
94402006
94444000
94481001
94307001
94503003
94531007
369488002
94597008
94623007
94651003
94671007
72413003
403474003
167767004
167761003
167766008
167764006
167768009
167762005
167765007
250498001
134205008
167771001
167773003
167772008
167774009
167775005
64034001
27001009
60607007
313429000
255107005
423816008
423645007
422679002
423697000
313428008
700489002
278057003
254284003
702406000
19705003
766822004
440583007
53724006
765286001
765287005
765285002
765288000
253855009
703865001
230498005
396198006
300517004
276333003
249608004
276332008
276411001
249269000
276385001
300485001
164826007
164825006
300541001
300537000
428775009
236769002
236787004
300543003
167796003
167792001
167794000
167793006
167795004
300542008
315221003
167787003
167788008
167785006
167786007
315220002
167789000
167777002
167779004
167778007
167780001
300539002
315223000
315222005
167798002
167800009
167801008
167799005
31211008
300509007
300511003
300510002
198065008
360384007
49263001
85716005
69848004
274735009
773623000
763889002
211148004
211132000
269199006
269198003
403468003
399590005
276860003
460001
35608009
7860005
77814006
236757005
12711004
16447004
236785007
270369000
442584007
45822009
43368003
86956009
147001
66116001
72961000
447820001
78471002
62586003
448650009
111709005
81760003
39275008
85498009
407378000
300882009
271687003
438457000
300533001
402943002
402940004
197966009
300489007
301396000
236817003
21127004
300487009
276405004
249240009
249238004
253847002
445338005
249236000
206243008
29206004
111551000
267402007
721289001
269387007
193440001
117261000119108
236728006
236730008
236729003
53599007
300493001
300481005
249266007
169843007
44437005
76598006
44902004
36826002
43108009
67962003
43663004
198006006
249256004
249264005
135869000
427783000
198047009
236776007
69282001
49198006
81996005
262920002
733387001
733390007
733389003
733388006
733392004
733391006
283952004
262923000
367951000119106
403462002
271127004
271143006
399951000
275443007
367961000119108
698557007
262922005
262913009
307579008
248534009
249414000
71590000
83652003
240379005
20372007
12985005
40258005
236770001
254911007
254910008
236740006
254906005
280116003
198066009
169840005
76046001
300521006
42330007
9750001
84352000
38673002
7129008
18682003
57963005
254740002
95589007
439420004
444173008
268228006
204878001
51070004
698191003
698190002
697985003
300506000
300505001
300507009
280111008
198029003
371414009
236777003
8061000119107
48792006
248772002
253852007
102510006
102513008
102507004
102516000
102501003
102504006
248781008
204924000
771510006
262924006